"cherry blossoms explode across the dying horizon.mp3" 1000
2  1691
1  2076
1  2460
2  2845
1  3229
1  3614
2  3999
1  4383
1  4768
2  5153
1  5537
1  5922
2  6306
1  6691
1  7076
2  7460
1  7845
1  8229
2  8614
1  8999
1  9383
2  9768
1  10153
1  10537
2  10922
1  11306
1  11691
2  12076
1  12460
2  12845
2  13229
1  13614
2  13999
2  14383
1  14768
2  15153
2  15537
1  15922
1  16306
2  16691
1  17076
1  17460
2  17845
1  18229
1  18614
2  18999
1  19383
2  19768
2  20153
1  20537
2  20922
2  21306
1  21691
2  22076
2  22460
1  22845
2  23229
2  23614
1  23999
2  24383
1  24768
1  25153
2  25537
1  25922
1  26306
2  26691
1  27076
1  27460
2  27845
1  28229
1  28614
2  28999
1  29383
2  29767
1  30152
2  30536
1  30729
1  30825
2  30921
1  32459
2  33998
2  36690
0  37075
1  37459
2  37844
2  39383
2  40921
1  41690
1  42459
1  43229
2  43614
2  43998
2  45536
2  46498
1  46690
2  46883
1  47075
1  47267
1  47459
2  47652
1  47844
1  48036
2  48229
2  48421
1  48613
2  48806
2  48998
2  49190
1  49383
1  49767
2  50152
1  50536
1  50921
2  51306
2  51690
1  52075
2  52459
1  52844
1  53229
2  53613
1  53998
1  54383
2  54767
1  55344
2  55440
2  55536
2  57075
1  58613
2  58806
0  61690
0  61883
2  67844
1  70088
1  70921
2  71113
0  73998
1  74383
2  74767
2  76306
1  76498
1  76562
1  76626
1  76690
1  76754
2  76818
2  77075
2  77171
2  77844
1  78613
1  79383
0  80152
2  80536
2  80921
2  82459
1  82652
1  82700
1  82844
1  82908
1  82972
1  83036
2  83229
2  83421
0  86306
2  86690
2  87075
2  88613
1  88806
1  88870
1  88934
1  88998
1  89062
2  89126
2  89383
2  89767
2  90152
1  90921
1  91690
0  92075
2  92267
2  92459
2  92652
2  96306
1  97075
1  97844
0  98613
0  98806
1  99383
1  100152
2  100921
2  101017
2  101113
2  101209
1  101306
1  101690
1  102459
1  103229
1  103998
1  104383
2  104479
2  104575
1  104671
2  104767
1  105536
1  106306
2  107075
2  107171
2  107267
2  107363
1  107459
1  107844
1  108613
1  109383
1  110152
1  110536
2  110633
2  110729
1  110825
2  110921
2  111690
2  112459
2  113229
2  113998
2  114383
2  114767
2  115152
2  115536
2  115921
2  116306
1  116690
2  117075
1  117267
1  117459
1  117652
2  117844
2  118036
1  118229
1  118421
2  118613
1  118806
1  118998
1  119190
2  119383
2  119575
1  119767
1  119959
2  120152
1  120248
1  120344
1  120440
2  120536
1  120633
1  120729
1  120825
2  120921
1  121017
1  121113
1  121209
2  121306
1  121402
1  121498
1  121594
2  121690
2  121786
2  121883
2  121979
1  122075
1  122171
1  122267
1  122363
1  122459
1  122556
1  122652
1  122748
2  122844
2  123229
1  123613
2  123806
1  123902
2  124190
2  124286
1  124383
2  124767
1  125152
2  125248
2  125344
1  125440
2  125729
2  125825
1  125921
1  125985
1  126049
2  126113
0  126306
1  126690
2  126786
2  126883
1  126979
2  127267
2  127363
1  127459
2  127844
2  128036
1  128229
2  128325
2  128421
1  128517
1  128709
2  128806
2  128902
1  128998
1  129062
1  129126
2  129190
0  129383
0  129575
1  129767
2  129959
1  130056
2  130248
2  130344
2  130440
1  130536
2  130729
0  130921
2  131113
2  131209
1  131306
1  131498
2  131594
1  131786
2  131883
2  131979
1  132075
1  132139
1  132203
2  132267
0  132459
2  132652
2  132748
0  132844
2  133036
0  133133
2  133421
2  133517
0  133613
2  133806
0  133902
2  134190
2  134254
2  134318
0  134383
2  134575
0  134671
2  134959
2  135056
1  135152
1  135248
2  135344
1  135440
2  135536
0  135921
2  136113
1  136209
2  136498
2  136594
1  136690
2  137075
1  137459
2  137556
2  137652
1  137748
1  137940
2  138036
2  138133
1  138229
2  138293
2  138357
1  138421
0  138613
1  138998
2  139094
2  139190
1  139286
2  139479
2  139575
1  139767
2  139959
0  140152
2  140344
1  140536
1  140633
2  140729
2  140793
2  140857
1  140921
1  140985
1  141049
1  141113
1  141306
2  141498
0  141690
0  141883
1  142075
2  142171
2  142267
1  142363
1  142556
2  142652
2  142844
0  143229
0  143421
1  143613
2  143677
2  143741
1  143902
2  144094
1  144190
2  144286
1  144383
1  144479
2  144575
2  144671
0  144767
2  144959
2  145056
0  145152
2  145344
0  145440
2  145633
2  145729
2  145825
0  145921
2  146113
0  146209
2  146498
2  146562
2  146626
0  146690
2  146883
0  146979
1  147171
2  147267
2  147331
2  147395
1  147459
1  147556
2  147652
2  147748
0  147844
2  148036
2  148133
1  148229
2  148293
2  148357
2  148421
0  148613
2  148806
2  148902
1  148998
2  149094
2  149383
2  149447
2  149511
1  149575
0  149767
2  149863
0  150152
2  150440
1  150536
1  150584
0  150921
2  151306
1  151370
1  151434
1  151498
2  151562
0  151690
1  151850
1  151915
2  151979
2  152139
2  152203
1  152267
1  152363
2  152459
0  152652
0  152940
0  153229
1  153613
1  153661
0  153998
1  154286
1  154383
2  154479
2  154575
0  154767
2  154959
1  155056
1  155152
2  155248
2  155536
2  155600
2  155665
1  155729
0  155921
2  156017
0  156306
2  156594
1  156690
1  156738
0  157075
1  157267
1  157363
1  157459
1  157588
1  157716
0  157844
2  158036
0  160152
2  160344
2  160440
1  160536
2  160600
2  160665
2  160729
0  160921
2  161113
2  161209
1  161306
2  161402
2  161690
2  161754
2  161818
1  161883
0  162075
2  162171
0  162459
2  162748
1  162844
1  162892
0  163229
2  163613
1  163677
1  163741
1  163806
2  163870
0  163998
1  164158
1  164222
2  164286
2  164447
2  164511
1  164575
1  164671
2  164767
0  164959
0  165248
0  165536
1  165921
1  165969
0  166306
1  166594
1  166690
2  166786
2  166883
0  167075
2  167267
1  167363
1  167459
2  167556
2  167844
2  167908
2  167972
1  168036
0  168229
2  168325
0  168613
2  168902
1  168998
1  169046
0  169383
1  169575
1  169671
1  169767
1  169895
1  170024
0  170152
2  170344
2  172459
2  174959
1  175152
2  175248
0  175536
0  175729
1  177844
1  177940
2  178036
1  178133
2  178229
2  178613
1  178998
1  179383
1  180152
1  180536
1  180921
2  181113
1  181306
2  181402
0  181690
0  181883
1  182075
2  182267
1  182459
1  182652
2  182844
1  183036
1  183229
2  183421
1  183613
2  183806
1  183998
2  184190
2  184383
1  184575
2  184767
1  185152
1  185536
2  185921
1  186306
1  186690
2  187075
1  187459
2  187844
2  188229
1  188613
2  188998
2  189383
1  189767
2  190152
2  190536
1  190921
1  191306
2  191690
1  192075
1  192459
2  192844
1  193229
1  193613
2  193998
1  194190
1  194383
2  194575
1  194767
2  194959
1  195152
2  195344
1  195536
1  195729
2  195921
2  196113
1  196306
2  196498
1  196690
2  196883
0  197075
2  197267
2  203084
1  203228
2  203422
2  207891
2  208613
1  209432
2  210778
1  210874
2  210970
2  211162
2  215341
1  216357
2  217271
2  218521
1  219235
2  220151
2  220409
2  224288
1  225145
2  226068
2  228035
2  228511
1  228898
1  229332
2  230787
1  233998
2  234382
2  234767
1  235151
1  235536
2  235921
1  236305
2  236690
2  237074
1  237459
1  237844
2  238228
1  238613
2  238998
2  239382
1  239767
1  240152
2  240536
1  240921
2  241306
2  241690
1  242075
1  242460
2  242844
1  243228
2  243613
2  243997
1  244382
1  244767
2  245151
1  245536
2  245921
1  246305
2  246689
2  247074
1  247458
1  247843
2  248228
1  248612
2  248997
2  249381
1  249766
1  250151
2  250535
1  250920
2  251305
2  251689
1  252074
1  252458
2  252843
1  253228
2  253612
2  253997
1  254381
1  254766
2  255151
1  255535
2  255919
2  256304
1  256688
0  257073
2  257842
1  258611
2  258996
1  259381
2  260150
1  261688
2  263227
2  263996
1  264765
2  265150
1  265535
1  266304
1  267842
1  269381
2  270150
0  270535
1  270919
2  271304
1  271688
1  272458
2  273996
1  275535
2  276304
1  277073
2  277458
1  277842
2  278611
1  280150
2  281688
1  282458
2  283227
1  283611
1  283996
2  284381
2  284574
1  284765
1  285150
2  285535
2  285727
1  285919
2  286304
2  286496
1  286688
1  287073
2  287458
2  287650
1  287842
1  288227
2  288611
2  288804
1  288996
2  289381
1  289765
1  290150
2  290535
2  290728
1  290919
1  291304
2  291688
2  291881
1  292073
2  292458
2  292650
1  292842
1  293227
2  293611
2  293804
1  293996
1  294381
2  294765
2  294958
1  295150
2  295535
1  295919
2  296111
2  296208
1  296304
2  296688
2  296881
1  297073
2  297265
2  297361
1  297458
2  297842
2  298035
1  298227
2  298419
1  298515
2  298611
2  298804
1  298996
2  299188
2  299285
1  299381
2  299765
2  299958
1  300150
2  300342
2  300438
1  300535
2  300919
2  301111
1  301304
2  301496
1  301592
2  301688
1  302073
2  302265
2  302361
1  302458
2  302842
2  303035
1  303227
2  303419
2  303515
1  303611
2  303996
2  304188
1  304381
2  304573
1  304669
2  304765
2  304958
1  305150
2  305342
2  305438
1  305535
2  305919
2  306111
1  306304
2  306496
2  306592
1  306688
2  307073
2  307265
1  307458
2  307650
1  307746
2  307842
1  308035
2  308227
1  308323
1  308419
1  308611
2  308804
1  308900
2  308996
2  309188
1  309381
1  309573
1  309669
2  309765
1  309861
1  309958
2  310150
2  310342
1  310535
1  310631
2  310727
1  310791
1  310855
2  310919
2  311111
1  311304
2  311496
1  311592
1  311688
2  311881
1  311977
2  312073
2  312266
2  312458
1  312554
1  312650
1  312842
1  312938
2  313035
1  313131
2  313227
2  313419
1  313611
1  313708
2  313804
1  313868
1  313932
2  313996
1  314188
1  314381
2  314573
1  314669
1  314765
1  314861
2  314958
2  315150
2  315342
1  315535
1  315727
2  315919
1  316015
1  316111
1  316208
2  316304
2  316496
1  316688
1  316785
2  316881
1  316945
1  317009
2  317073
2  317265
1  317458
1  317554
2  317650
1  317746
1  317842
1  318035
1  318131
2  318227
2  318419
2  318611
1  318708
1  318804
1  318996
1  319092
2  319188
1  319285
2  319381
2  319573
1  319765
1  319861
2  319958
1  320022
1  320086
2  320150
1  320342
1  320438
2  320535
1  320727
1  320823
2  320919
1  321015
1  321208
2  321304
1  321496
1  321592
2  321688
1  321881
1  321977
2  322073
1  322265
1  322361
2  322458
1  322554
1  322650
1  322746
2  322842
1  323035
1  323099
1  323163
2  323227
1  323419
1  323515
2  323611
1  323804
1  323900
2  323996
1  324092
1  324285
2  324381
1  324573
1  324669
2  324765
1  324958
1  325054
2  325150
1  325342
1  325438
2  325535
1  325631
1  325727
1  325823
2  325919
1  326111
1  326176
1  326240
2  326304
1  326496
1  326688
1  326881
2  327073
2  327265
1  327458
1  327650
2  327842
1  328035
1  328227
1  328419
2  328611
2  328804
1  328996
1  329188
1  329285
2  329381
1  329477
1  329573
1  329669
2  329765
1  329861
1  329958
1  330054
2  330150
1  330246
1  330342
1  330438
2  330535
1  330631
1  330727
1  330823
2  330919
2  331015
2  331111
2  331208
1  331304
1  331400
1  331496
1  331592
2  331688
2  331752
2  331817
2  331881
2  331945
2  332009
2  332073
2  332137
2  332201
2  332265
2  332458
0  333035
2  333611
0  334188
2  334765
0  335150
2  335535
0  336111
2  336688
0  337265
2  337842
0  338227
2  338611
0  339188
2  339765
0  340342
2  340919
0  341304
2  341688
2  342265
2  342842
0  343419
2  343996
0  344381
2  344765
0  345342
2  345919
0  346496
2  347073
0  347458
2  347842
0  348419
2  348996
0  349573
2  350150
0  350535
2  350919
0  351496
2  352073
0  352650
2  353227
0  353611
2  353996
0  354573
2  355150
0  355727
0  356304
0  356496
2  357073
2  357458
0  357650
1  358035
2  358227
2  358611
0  358804
1  359188
2  359381
2  359573
0  359765
1  359958
2  360150
2  360535
0  360727
1  361111
2  361304
2  361688
0  361881
1  362265
2  362458
1  362842
1  362938
2  363035
2  363131
0  363804
1  364188
2  364381
2  364765
0  364958
1  365342
2  365535
2  365727
0  365919
1  366111
2  366304
2  366688
2  366881
1  367265
2  367458
2  367842
0  368035
1  368419
2  368611
0  368996
2  369381
2  369573
1  369765
0  369958
1  370342
2  370535
2  370919
0  371111
1  371496
2  371688
2  371881
0  372073
1  372265
2  372458
2  372842
0  373035
1  373419
2  373611
2  373996
0  374188
1  374573
2  374765
1  375150
1  375246
2  375342
2  375438
2  375919
1  376111
1  376208
2  376304
2  376688
2  377073
2  377265
2  377361
1  377458
2  377650
2  377842
2  377938
1  378035
2  378227
1  378419
1  378515
2  378611
2  378804
1  378900
1  379092
2  379188
2  379381
1  379477
1  379669
2  379765
2  379958
1  380054
2  380150
1  380246
2  380342
2  380535
1  380631
2  380727
1  380823
2  380919
2  381111
2  381208
0  381304
0  381496
2  381688
1  382265
2  382842
1  383419
1  383996
2  384381
1  384765
2  385342
1  385919
2  386496
1  387073
1  387458
1  387554
2  387650
2  387746
2  387842
1  388419
2  388996
1  389573
1  390150
2  390535
1  390919
2  391496
1  392073
2  392458
2  392650
1  393227
1  393611
1  393708
2  393804
2  393900
2  393996
1  394188
2  394381
2  394765
1  394958
2  395150
2  395535
1  395727
2  395919
2  396304
1  396496
2  396688
1  397073
1  397265
2  397458
1  397842
1  398035
2  398227
1  398611
1  398804
2  398996
1  399381
1  399573
2  399765
1  399861
1  399958
2  400054
2  400150
1  400342
2  400535
2  400919
1  401111
2  401304
2  401688
1  401881
2  402073
2  402458
1  402650
2  402842
1  403227
1  403419
2  403611
1  403996
1  404188
2  404381
1  404765
1  404958
2  405150
1  405535
1  405727
1  405919
1  406015
2  406111
2  406208
1  406304
2  407073
2  407842
1  409381
2  410919
2  411688
2  412842
1  413227
1  413996
1  415535
2  417073
2  417842
1  418611
2  419381
1  420150
2  421688
1  423227
2  423996
1  424765
2  425535
2  426304
1  427842
2  429381
2  430150
2  430535
0  430919
