CICADA3302.mp3 1000
2  13487
2  13874
2  14261
2  14648
2  15035
2  15422
2  15809
2  16196
1  16583
1  16970
1  17358
1  17745
1  18132
1  18519
1  18906
1  19293
2  19680
2  20067
2  20454
2  20841
2  21229
2  21616
2  22003
2  22390
1  22777
1  23164
1  23551
1  23938
1  24325
1  24712
1  25099
1  25487
2  25874
2  26261
2  26648
2  27035
2  27422
2  27809
2  28196
2  28583
2  28970
2  29164
1  29454
2  29745
1  30035
2  30325
1  30616
2  30906
2  32067
1  32261
1  32358
1  32454
2  32551
2  32745
1  32841
2  33035
1  33229
2  33325
2  33422
1  33519
2  33712
2  33906
1  34003
2  34196
1  34390
1  34777
2  35164
1  35358
1  35454
1  35551
2  35648
2  35841
1  35938
2  36132
1  36325
2  36422
2  36519
1  36616
2  36809
2  37003
1  37099
2  37293
1  37487
1  37680
1  37874
1  38261
2  38358
1  38454
1  38551
1  38648
1  38745
2  38841
1  38938
1  39035
2  39132
1  39229
1  39325
1  39422
1  39519
2  39616
1  39712
1  39809
2  39906
1  40003
1  40099
1  40196
1  40293
2  40390
1  40487
1  40583
2  40680
1  40777
1  40874
1  40970
1  41067
2  41164
1  41261
1  41358
2  41454
1  41551
2  41648
1  41745
2  41841
1  41938
2  42035
1  42132
1  42196
1  42261
1  42325
1  42390
1  42454
2  42519
2  42583
2  42648
2  42712
2  42777
2  42841
1  42906
2  44454
1  44841
1  44890
1  44938
2  44987
1  45083
1  45180
1  45277
1  45374
2  45470
1  45616
1  45712
1  45809
2  45906
1  46051
1  46148
1  46245
2  46341
1  46487
1  46583
1  46680
2  46777
1  46922
1  47019
1  47116
2  47212
1  47358
1  47454
1  47551
2  47648
1  47793
1  47890
1  47987
2  48083
1  48229
1  48325
1  48422
2  48519
1  48664
1  48761
1  48858
2  48954
1  49099
1  49196
1  49293
1  49390
1  49487
1  49583
1  49680
1  49777
1  49874
1  49970
1  50067
2  50164
2  50648
1  51035
1  51083
1  51132
1  51180
1  51277
2  51374
1  51422
2  51470
2  51567
2  51664
1  51809
1  51906
2  52003
1  52099
2  52245
1  52341
1  52438
1  52535
2  52583
1  52680
2  52777
2  52874
1  52970
2  53116
1  53212
1  53309
2  53406
1  53454
1  53551
1  53648
2  53745
1  53987
1  54083
1  54180
1  54277
2  54422
1  54519
2  54616
2  54712
1  54858
1  54954
1  55051
2  55099
1  55148
2  55294
2  55390
1  55487
1  55583
2  55680
2  55777
2  55874
2  55970
1  56067
1  56164
2  56261
2  56358
1  56454
1  56519
1  56583
1  56648
2  56841
1  57229
1  57277
1  57325
1  57374
1  57470
2  57567
1  57616
2  57664
2  57761
2  57858
1  58003
1  58099
2  58196
1  58293
2  58438
1  58535
1  58632
1  58729
2  58777
1  58874
2  58970
2  59067
1  59164
2  59309
1  59406
1  59503
2  59599
1  59745
1  59841
2  59938
2  60132
1  60422
2  60712
1  61003
2  61293
1  61583
2  61874
2  63035
1  63422
1  63470
1  63519
1  63567
1  63664
2  63761
1  63809
2  63858
2  63954
2  64051
1  64196
1  64293
2  64390
1  64487
2  64632
1  64729
1  64825
1  64922
2  64970
1  65067
2  65164
2  65261
1  65358
2  65503
1  65599
1  65696
2  65793
1  65841
1  65938
1  66035
2  66132
1  66374
1  66470
1  66567
1  66664
2  66809
1  66906
2  67003
2  67099
1  67245
1  67341
1  67438
2  67487
1  67535
2  67681
2  67777
1  67874
1  67970
2  68067
2  68164
2  68261
2  68358
1  68454
1  68551
2  68648
2  68745
1  68841
1  68906
1  68970
1  69035
2  69229
2  69293
2  69358
2  69422
1  69487
1  69551
2  69680
1  69745
1  69809
2  70003
1  70261
1  70390
1  70519
2  70583
1  70841
1  70970
1  71099
2  71164
1  71229
2  71422
1  71551
2  71680
2  71809
1  72003
1  72132
1  72261
2  72325
1  72454
1  72583
1  72712
1  72841
1  72970
2  73099
1  73293
1  73422
1  73551
1  73745
2  73874
1  74003
1  74132
1  74261
1  74454
2  74648
2  75422
1  75616
2  76003
1  76196
2  76583
1  76777
2  77164
2  77261
1  77358
2  77551
2  77745
1  77938
1  78035
1  78132
2  78519
1  78712
2  79099
1  79293
2  79680
1  79874
1  80067
2  80261
2  80358
1  80454
1  80648
2  80841
2  80938
2  81035
2  81325
2  81616
1  81809
2  82196
1  82390
2  82777
1  82970
2  83358
2  83454
1  83551
2  83745
2  83938
1  84132
1  84180
1  84229
2  84277
1  84374
1  84470
1  84567
1  84664
2  84712
1  84906
2  85293
1  85487
2  85874
1  86067
1  86261
2  86454
2  86551
1  86648
1  86841
2  87035
2  87083
2  87132
2  87180
1  87277
2  87325
1  87422
1  87519
2  87616
1  87712
1  87761
2  87809
2  93712
2  94003
2  94196
2  97099
2  97390
2  97680
2  98067
2  98358
2  100196
2  100293
1  100390
1  100487
1  100583
1  100680
2  100777
1  100874
1  100970
2  101067
1  101164
2  101261
1  101358
1  101454
1  101551
1  101648
2  101745
1  101841
2  101938
1  102035
1  102132
2  102229
1  102325
2  102422
1  102519
1  102906
2  103293
2  103390
1  103487
1  103583
1  103680
1  103777
2  103874
1  103970
1  104067
2  104164
1  104261
2  104358
1  104454
1  104551
1  104648
1  104745
2  104841
1  104938
2  105035
1  105132
1  105229
2  105325
1  105422
2  105519
1  105616
1  105809
1  106003
2  106390
2  106454
2  106519
1  106583
2  106648
2  106712
1  106777
1  106841
1  106906
2  106970
2  107035
2  107099
1  107164
2  107229
2  107293
1  107358
2  107422
2  107487
1  107551
1  107616
1  107680
2  107745
2  107809
2  107874
1  107938
2  108003
2  108067
1  108132
2  108196
2  108261
1  108325
1  108390
1  108454
2  108519
2  108583
2  108648
1  108712
2  108777
2  108841
1  108906
2  108970
2  109035
1  109099
1  109164
1  109229
2  109293
2  109358
2  109422
1  109487
1  109535
1  109583
2  109632
1  109777
1  109825
1  109874
2  109922
1  110067
1  110116
1  110164
2  110212
1  110358
1  110406
1  110454
2  110503
1  110648
1  110696
1  110745
2  110841
2  110890
2  110938
2  112583
2  112970
1  113358
2  113422
2  113487
1  113551
1  113745
2  113809
2  113874
1  113938
1  114132
2  114196
2  114261
1  114325
1  114519
2  114583
2  114648
1  114712
1  114906
2  114970
2  115035
1  115099
1  115293
2  115358
2  115422
1  115487
2  115680
2  116067
1  116454
2  116519
2  116583
1  116648
1  116841
2  116906
2  116970
1  117035
2  117229
1  117325
1  117422
2  117616
2  117680
2  117745
1  117809
2  117906
2  118099
2  118196
1  118390
1  118487
2  118583
1  118680
2  118777
2  118970
2  119164
1  119454
2  119551
1  119745
1  119841
2  119938
1  120132
2  120325
2  120374
1  120422
1  120616
2  120712
1  120809
1  120858
1  120906
1  121003
2  121099
1  121196
1  121293
1  121390
2  121487
1  121680
1  121729
1  121777
1  121825
2  121874
2  122067
1  122358
2  122648
1  122938
2  123229
1  123519
2  123809
2  124583
1  124680
2  124777
1  124874
2  124970
2  125358
1  125745
2  125809
2  125874
1  125938
1  126132
2  126196
2  126261
1  126325
1  126519
2  126583
2  126648
1  126712
1  126906
2  126970
2  127035
1  127099
1  127293
2  127358
2  127422
1  127487
1  127680
2  127745
1  127874
2  128067
2  128454
1  128841
2  128906
2  128970
1  129035
1  129229
2  129293
2  129358
1  129422
2  129616
1  130003
1  130051
1  130099
1  130148
1  130245
2  130341
1  130390
2  130438
2  130535
2  130632
1  130777
1  130874
2  130970
2  131067
2  131164
2  131212
2  131261
1  131358
1  131454
2  131551
2  131648
1  131745
2  131841
2  131938
2  132035
1  132132
2  132229
2  132325
2  132422
1  132519
2  132616
2  132712
2  132761
2  132809
1  132906
1  133003
2  133099
2  133196
1  133293
2  133390
2  133487
2  133583
1  133680
1  133777
1  133874
2  134067
2  134454
2  134551
2  134648
2  134696
2  134745
1  134793
2  134938
2  134987
2  135035
1  135083
2  135229
2  135277
2  135325
1  135374
2  135519
1  135567
1  135616
2  135664
2  135712
2  135761
1  135809
2  136390
2  136487
1  136583
1  136632
1  136680
2  136729
2  136777
2  136825
1  136874
1  137067
1  137164
1  137261
2  137358
1  137551
2  137745
1  137938
1  138035
2  138132
1  138229
1  138422
2  138519
1  138712
1  138809
2  138906
1  139099
2  139293
1  139487
1  139583
1  139680
2  139777
1  139970
2  140164
1  140261
1  140358
2  140454
1  140648
2  140841
1  141035
1  141132
2  141229
1  141422
2  141616
1  141809
1  141906
2  142003
1  142196
2  142390
1  142583
1  142680
2  142777
2  142874
1  142970
2  143067
2  143164
1  143261
1  143358
1  143454
2  143551
1  143745
2  143938
1  144132
1  144229
2  144325
1  144422
1  144616
2  144712
1  144906
1  145003
2  145099
1  145293
2  145487
1  145680
1  145777
1  145874
2  145970
1  146164
2  146358
1  146454
1  146551
2  146648
1  146841
2  147035
1  147229
1  147325
2  147422
1  147616
2  147809
1  148003
1  148099
1  148196
2  148293
1  148390
2  148583
1  148680
2  148874
1  148970
1  149164
2  149358
2  149745
1  149841
2  150132
1  150519
2  150583
2  150648
1  150712
1  150906
2  150970
2  151035
1  151099
1  151293
2  151358
2  151422
1  151487
1  151680
2  151745
2  151809
1  151874
1  152067
2  152132
2  152196
1  152261
1  152454
2  152519
2  152583
1  152648
1  152712
1  152777
2  152841
1  152938
2  153229
2  153616
2  153680
2  153745
1  153809
2  154003
2  154067
2  154132
1  154196
2  154390
2  154454
2  154519
1  154583
2  154777
2  154841
2  154906
1  154970
2  155164
2  155454
1  155745
1  155793
1  155841
1  155890
2  155938
1  156035
2  156325
1  156712
2  156777
2  156841
1  156906
1  157099
2  157164
2  157229
1  157293
1  157487
2  157551
2  157616
1  157680
1  157874
2  157938
2  158003
1  158067
1  158261
2  158325
2  158390
1  158454
1  158648
2  158712
2  158777
1  158841
1  158906
1  158970
2  159035
1  159132
2  159422
2  159809
2  159874
2  159938
1  160003
2  160196
2  160261
2  160325
1  160390
2  160583
2  160648
2  160712
1  160777
2  160970
2  161035
2  161099
1  161164
2  161358
2  161406
2  161454
2  161503
1  161551
1  161648
1  161745
1  161841
2  161938
2  162132
1  162325
1  162422
1  162519
2  162616
2  162809
1  162906
2  163099
1  163293
2  163390
2  163487
1  163583
2  163777
2  163970
1  164067
2  164261
1  164454
1  164841
2  165229
1  165422
1  165519
1  165616
2  165712
2  165906
1  166003
2  166196
1  166390
2  166487
2  166583
1  166680
2  166874
2  167067
1  167164
2  167358
1  167551
1  167745
1  167938
1  168325
2  168422
1  168519
1  168616
1  168712
1  168809
2  168906
1  169003
1  169099
2  169196
1  169293
1  169390
1  169487
1  169583
2  169680
1  169777
1  169874
2  169970
1  170067
1  170164
1  170261
1  170358
2  170454
1  170551
1  170648
2  170745
1  170841
1  170938
1  171035
1  171132
2  171229
1  171325
1  171422
2  171519
1  171616
2  171712
1  171809
2  171906
1  172003
2  172099
1  172196
1  172261
1  172325
1  172390
1  172454
1  172519
2  172583
2  172648
2  172712
2  172777
2  172841
2  172906
1  172970
2  174519
1  177616
2  178003
1  178390
2  178777
1  179164
2  179551
1  179938
2  180325
2  180519
1  180712
2  181099
1  181487
2  181874
1  182261
2  182648
1  183035
1  183422
1  183809
1  184196
2  184390
1  184583
1  184970
2  185164
1  185358
1  185745
2  185938
1  186132
2  186519
2  186712
1  186906
1  187293
2  187487
1  187680
1  188067
2  188261
1  188454
1  188841
1  189035
1  189229
1  190003
1  190196
2  190293
1  190390
2  190583
1  190777
2  190970
2  191067
1  191164
2  191358
1  191551
1  191745
2  191841
1  191938
2  192132
1  192325
1  192519
1  192616
2  192712
2  192906
1  193099
1  193293
2  193390
1  193487
2  193680
1  193874
2  194067
2  194164
1  194261
2  194454
1  194648
1  194841
2  194938
1  195035
2  195229
1  195422
2  195616
2  195712
1  195809
2  196196
2  196583
2  196648
2  196712
1  196777
2  196874
1  196970
1  197035
1  197099
2  197164
2  197229
2  197293
1  197358
1  197454
1  197551
1  197648
2  197745
2  197841
1  197938
2  198035
1  198132
1  198229
1  198325
1  198422
2  198519
2  198616
1  198712
2  198809
1  198906
1  199003
1  199099
1  199196
2  199293
1  201712
1  201809
1  202003
1  202196
1  202245
1  202293
1  202341
2  202390
1  202680
2  202777
1  202970
2  203164
1  203261
1  203454
2  203551
1  203745
1  203841
2  203938
1  204229
2  204325
1  204519
2  204712
1  204809
1  205003
2  205099
1  205293
2  205487
2  205551
2  205616
2  205680
2  205874
2  205922
1  205970
2  206067
1  206164
1  206212
2  206261
1  206358
2  206454
2  206503
1  206551
2  206648
1  206745
1  206793
2  206841
2  207035
2  207099
2  207164
2  207229
2  207422
2  207470
1  207519
2  207616
1  207712
1  207761
2  207809
1  207906
2  208003
2  208051
1  208099
2  208196
1  208293
1  208341
2  208390
2  208583
1  208874
2  208970
1  209164
2  209358
1  209454
1  209648
2  209745
1  209938
1  210035
2  210132
1  210422
2  210519
1  210712
2  210906
1  211003
1  211196
2  211293
1  211487
2  211680
2  211745
2  211809
2  211874
2  212067
2  212116
1  212164
2  212261
1  212358
1  212406
2  212454
1  212551
2  212648
2  212696
1  212745
2  212841
1  212938
1  212987
2  213035
2  213229
2  213293
2  213358
2  213422
2  213616
2  213664
1  213712
2  213809
1  213906
1  213954
2  214003
1  214099
2  214196
2  214245
1  214293
2  214390
1  214487
1  214535
2  214583
2  214777
1  215067
2  215164
1  215358
2  215551
1  215648
1  215841
2  215938
1  216132
1  216229
2  216325
1  216616
2  216712
1  216906
2  217099
2  217487
2  217874
1  218067
1  218164
2  218261
2  218309
1  218358
2  218454
1  218551
1  218599
1  218648
2  218745
1  218841
1  218890
1  218938
2  219035
1  219132
1  219180
2  219229
1  219325
2  219422
1  219519
1  219567
2  219616
1  219712
2  219809
2  219858
2  219906
1  220003
2  220099
2  220148
1  220196
2  220293
1  220390
1  220438
2  220487
1  220583
2  220680
2  220729
2  220777
1  220874
2  220970
2  221035
2  221099
1  221164
2  221229
2  221293
1  221358
1  221422
1  221487
2  221551
2  221616
2  221680
1  221745
2  221809
2  221874
1  221938
2  222003
2  222067
1  222132
1  222196
1  222261
2  222325
2  222390
2  222454
1  222519
2  222583
2  222648
1  222712
2  222777
2  222841
1  222906
1  222970
1  223035
2  223099
2  223164
2  223229
1  223293
2  223358
2  223422
1  223487
2  223551
2  223616
1  223680
1  223745
1  223809
2  223874
2  223938
2  224003
1  224067
1  224116
1  224164
2  224212
1  224358
1  224406
1  224454
2  224503
1  224648
1  224696
1  224745
2  224793
1  224938
1  224987
1  225035
2  225083
1  225229
1  225277
1  225325
2  225422
2  225470
2  225519
2  227164
2  238777
2  239551
2  240712
1  240906
2  241099
2  241293
1  241487
1  242648
2  243809
1  244003
2  244196
2  244390
1  244583
2  245358
2  245745
2  246906
1  247099
2  247293
2  247487
1  247680
2  248454
1  248841
2  249616
1  250390
1  251164
2  251938
1  252712
2  253099
2  253293
1  253487
2  253680
2  253874
1  254261
2  255035
1  255809
2  256196
2  256390
1  256583
1  256777
2  256970
1  257358
2  257745
2  258132
1  258906
2  259293
2  259487
1  259680
1  259874
2  260067
1  260454
1  260841
2  261229
2  261809
1  262003
1  262777
2  263164
1  263551
2  263745
1  264132
2  264325
1  265099
2  265293
2  265487
2  265680
1  265874
1  266648
2  267229
2  267325
2  267422
1  268196
2  268390
2  268583
2  268777
1  268970
2  269358
1  269745
2  270519
1  271293
2  271487
2  271680
2  271874
1  272067
2  272454
1  272841
2  273422
2  273519
2  273616
1  274003
2  274196
1  274390
2  274777
1  275164
2  275551
2  275745
1  275938
1  276325
2  276712
1  277099
2  277293
1  277487
2  277874
1  278261
2  278648
2  278841
1  279035
1  279422
2  279809
2  280196
2  280583
2  280970
2  281358
2  281745
2  282132
2  282519
1  282906
1  283293
1  283680
1  284067
1  284454
1  284841
1  285229
1  285616
2  286003
2  286390
2  286777
2  287164
2  287551
2  287938
2  288325
2  288712
1  289099
1  289487
1  289874
1  290261
1  290648
2  290841
2  290938
2  291132
2  291229
1  291422
2  291519
2  291712
2  291809
1  292003
1  292067
1  292132
2  292196
2  292390
2  292487
1  292583
2  292777
1  292874
1  292970
1  293067
2  293164
1  293358
2  293454
1  293648
2  293745
2  293938
2  294035
1  294132
2  294325
1  294422
1  294616
2  294712
1  294809
1  294906
1  295003
2  295099
1  295196
2  295293
2  295487
2  295583
1  295680
2  295874
1  295970
1  296164
2  296261
1  296454
2  296551
1  296648
1  296745
2  296841
2  297035
2  297132
1  297229
2  297422
1  297519
2  297616
1  297712
1  297809
2  297906
1  298003
1  298099
1  298196
2  298390
2  298583
2  298680
1  298777
2  298970
1  299067
1  299164
1  299261
2  299358
1  299551
2  299648
1  299841
2  299938
2  300132
2  300229
1  300325
2  300519
1  300616
1  300809
2  300906
1  301003
1  301099
1  301196
2  301293
1  301390
2  301487
2  301680
2  301777
1  301874
2  302067
1  302164
1  302358
2  302454
1  302648
2  302745
1  302841
1  302938
2  303035
2  303229
2  303325
1  303422
2  303616
1  303712
2  303809
2  303906
2  304003
1  304099
1  304196
1  304293
1  304390
2  304583
2  304970
1  305261
1  305745
2  306035
2  306519
1  306809
1  307293
2  307680
2  307874
1  308164
2  308454
1  308745
2  309035
1  309325
2  309616
2  310777
2  310874
1  310970
1  311067
1  311164
1  311261
2  311358
1  311454
1  311551
2  311648
1  311745
2  311841
1  311938
1  312035
1  312132
1  312229
2  312325
1  312422
2  312519
1  312616
1  312712
2  312809
1  312906
2  313003
1  313099
1  313487
2  313874
2  313970
1  314067
1  314164
1  314261
1  314358
2  314454
1  314551
1  314648
2  314745
1  314841
2  314938
1  315035
1  315132
1  315229
1  315325
2  315422
1  315519
2  315616
1  315712
1  315809
2  315906
1  316003
2  316099
1  316196
1  316390
1  316583
2  316970
2  317035
2  317099
1  317164
1  317261
2  317358
2  317422
2  317487
1  317551
1  317648
2  317745
2  317809
2  317874
1  317938
1  318035
2  318132
2  318196
2  318261
1  318325
1  318422
2  318519
2  318583
2  318648
1  318712
1  318809
2  318906
2  318970
2  319035
1  319099
1  319196
2  319293
2  319358
2  319422
1  319487
1  319583
2  319680
2  319745
2  319809
1  319874
2  319970
1  320067
1  320132
1  320196
2  320261
1  320358
1  320422
1  320487
2  320551
1  320648
1  320712
1  320777
2  320841
1  320938
1  321003
1  321067
2  321132
1  321229
1  321293
1  321358
1  321422
1  321487
1  321551
2  321616
2  323164
1  323551
2  323841
2  324132
1  324325
2  324616
1  324809
2  324906
1  325099
2  325390
1  325583
2  325680
2  325777
1  325874
1  326067
1  326164
2  326261
1  326358
1  326454
2  326551
1  326648
2  326745
2  326841
1  326938
2  327035
1  327132
1  327229
2  327325
1  327422
2  327519
2  327616
1  327712
2  327809
1  327874
1  327938
1  328003
2  328067
2  328132
1  328196
2  328261
2  328325
1  328390
1  328454
1  328519
2  328583
2  329358
2  329454
1  329551
1  329648
1  329745
2  329841
1  329938
1  330035
2  330132
1  330229
1  330277
1  330325
2  330422
2  330519
1  330616
1  330712
1  330809
2  330906
2  331003
1  331099
1  331196
1  331293
2  331390
1  331487
1  331583
2  331680
1  331777
1  331825
1  331874
2  331970
2  332067
1  332164
1  332261
1  332358
2  332454
2  332648
2  332841
1  333035
1  333132
2  333229
1  333325
1  333374
1  333422
2  333519
2  333616
1  333712
1  333809
1  333906
2  334003
1  334099
2  334196
2  334293
1  334390
2  334487
2  334583
1  334680
1  334729
2  334777
2  334970
2  335164
2  335551
2  335648
1  335745
1  335841
1  335938
2  336035
1  336132
1  336229
2  336325
1  336422
1  336470
1  336519
2  336616
2  336712
1  336809
1  336906
1  337003
2  337099
2  337196
1  337293
1  337390
1  337487
2  337583
1  337680
1  337777
2  337874
1  337970
1  338019
1  338067
2  338164
2  338261
1  338358
1  338454
1  338551
2  338648
1  338745
1  338841
2  338938
1  339132
2  339229
1  339325
1  339422
2  339519
2  339616
2  339809
2  340003
2  340196
1  340390
2  340487
1  340680
2  340777
1  340970
2  341164
2  341358
1  341551
2  341745
1  342132
2  342229
1  342325
1  342422
2  342519
1  342616
1  342664
1  342712
2  342809
2  342906
1  343003
1  343099
1  343196
2  343293
2  343390
1  343487
1  343583
1  343680
2  343777
1  343874
1  343970
2  344067
2  344116
1  344164
1  344212
2  344261
1  344358
1  344551
2  344648
2  344841
2  344938
2  345035
1  345229
2  345325
1  345422
1  345519
2  345616
1  345712
1  345761
1  345809
2  345906
2  346003
1  346099
1  346196
1  346293
2  346390
2  346487
1  346583
1  346680
2  346777
1  346874
1  346970
2  347067
1  347164
1  347261
2  347358
1  347454
2  347551
2  347938
2  348003
2  348067
1  348132
2  348196
2  348261
1  348325
2  348390
2  348454
1  348519
1  348583
1  348648
2  348712
1  348809
1  348858
1  348906
1  349003
2  349099
2  349164
2  349229
1  349293
2  349358
2  349422
1  349487
2  349583
2  349648
2  349712
2  349777
1  349874
2  349938
2  350003
1  350067
1  350132
1  350196
2  350261
1  350358
1  350406
1  350454
1  350551
2  350648
2  350712
2  350777
1  350841
1  350906
1  350970
2  351035
2  351325
2  351519
2  351712
2  352003
2  352196
2  352293
2  352487
2  354132
1  354325
1  354422
2  354519
1  354712
2  354906
1  355003
1  355196
2  355293
1  355390
1  355487
2  355680
1  355874
1  355970
2  356067
1  356261
2  356454
1  356551
2  356648
1  356745
2  356938
2  357229
1  357422
1  357519
2  357616
1  357809
2  358003
1  358099
1  358293
2  358390
1  358487
1  358583
2  358777
1  358970
2  359067
2  359116
2  359164
1  359358
2  359454
1  359648
2  359745
2  359841
2  359938
1  360132
2  360325
2  360390
2  360454
1  360519
1  360616
2  360712
2  360809
1  360906
1  361003
2  361099
2  361196
1  361293
1  361390
2  361487
2  361583
1  361680
1  361777
2  361874
1  361970
1  362067
1  362164
2  362261
2  362358
1  362454
2  362551
2  362648
1  362745
1  362841
1  362938
2  363035
1  363132
1  363422
1  363487
1  363551
2  363616
2  363712
2  363809
2  363906
2  364003
2  364099
1  364196
1  364261
1  364325
2  364390
2  364487
2  364583
2  364680
2  364777
2  364874
1  364970
1  365358
2  365454
2  365503
1  365551
1  365599
1  365648
2  365745
2  365938
1  366132
1  366325
1  366519
2  366616
1  366712
1  366809
2  366906
2  367099
2  367196
1  367293
1  367487
2  367583
1  367680
1  367874
2  368067
2  368358
1  368454
2  368551
1  368648
1  368745
2  368841
2  368938
1  369035
2  369132
1  369229
1  369325
2  369422
2  369519
1  369616
2  369712
2  369809
1  369906
2  370099
2  370293
1  370390
2  370487
1  370583
1  370680
2  370777
2  370874
1  370970
1  371067
2  371164
1  371358
1  371454
2  371648
1  371745
1  371793
1  371841
1  371890
2  371938
1  372035
2  372132
2  372325
1  372519
1  372616
2  372712
1  372906
2  373196
1  373293
2  373390
1  373487
1  373583
2  373680
2  373874
2  374067
1  374164
2  374261
2  374454
1  374648
1  374841
2  374938
1  375035
1  375132
2  375229
2  375325
1  375422
2  375616
2  375712
1  375809
1  376003
2  376099
1  376196
2  376293
1  376390
2  376487
1  376583
2  376777
2  376874
1  376970
2  377164
2  377358
1  377454
2  377648
1  377745
1  377841
2  377938
2  378132
1  378229
2  378325
1  378519
1  378616
1  378712
1  378906
2  379003
2  379099
2  379196
1  379293
2  379390
2  379487
2  379583
1  379680
2  379777
1  379874
1  379970
1  380067
1  380164
1  380261
2  380358
1  380454
2  380551
1  380648
1  380745
1  380841
2  380938
1  381035
1  381132
2  381229
2  381325
2  381422
2  381519
1  381616
1  381809
2  382003
2  382099
2  382196
2  382293
1  382390
2  382487
2  382583
2  382680
1  382777
2  382874
2  382970
1  383067
2  383164
1  383261
1  383358
2  383454
1  383551
1  383648
1  383745
2  383841
1  383938
1  384035
1  384132
1  384229
2  384325
2  384422
2  384519
2  384616
1  384712
1  384906
2  385099
2  385196
2  385293
2  385390
1  385487
2  385583
2  385680
2  385777
1  385874
2  385970
2  386067
1  386164
2  386261
1  386358
1  386454
2  386551
1  386648
1  386745
1  386841
2  386938
1  387035
1  387132
1  387229
1  387325
1  387422
2  387519
2  387616
2  387712
1  387809
1  387906
1  388003
2  388099
1  388196
1  388261
1  388325
2  388390
1  388487
1  388551
1  388616
2  388680
1  388777
1  388841
1  388906
2  388970
1  389067
1  389132
1  389196
2  389261
1  389358
2  389422
2  389487
1  389551
1  389616
1  389680
2  389745
2  389938
1  390229
1  390374
1  390519
1  390664
1  390809
1  390954
1  391099
2  391293
1  391680
1  391729
1  391777
2  391825
1  391922
1  392019
1  392116
1  392212
2  392309
1  392454
1  392551
1  392648
2  392745
1  392890
1  392987
1  393083
2  393180
1  393325
1  393422
1  393519
2  393616
1  393761
1  393858
1  393954
2  394051
1  394196
1  394293
1  394390
2  394487
1  394632
1  394729
1  394825
2  394922
1  395067
1  395164
1  395261
2  395358
1  395503
1  395599
1  395696
2  395793
1  395938
1  396035
1  396132
1  396229
1  396325
1  396422
1  396519
1  396616
1  396712
1  396809
1  396906
2  397003
2  397487
1  397680
1  397777
1  397874
1  397970
2  398067
2  398164
1  398261
2  398309
2  398406
2  398503
1  398648
1  398745
2  398841
1  398938
1  399036
1  399083
2  399180
2  399277
1  399374
2  399422
2  399519
1  399616
2  399712
1  399809
2  399954
1  400051
1  400148
1  400245
2  400390
2  400487
2  400583
1  400777
1  400874
1  400970
1  401067
2  401164
2  401261
1  401358
1  401487
1  401616
2  401745
1  401938
1  402035
1  402133
2  402277
1  402422
2  402519
1  402616
1  402712
2  402761
1  402906
1  403051
2  403196
2  403293
1  403390
1  403535
2  403680
2  403874
1  404067
1  404116
1  404164
1  404212
1  404309
2  404406
1  404454
2  404503
2  404599
2  404696
1  404841
1  404938
2  405035
1  405132
2  405277
1  405374
1  405470
1  405567
2  405616
1  405712
2  405809
2  405906
1  406003
1  406148
1  406245
2  406390
2  406438
2  406487
2  406535
2  406583
2  406777
2  406970
1  407261
2  407551
1  407841
2  408132
1  408422
2  408712
2  409874
2  410164
2  410454
1  410648
1  410745
2  410841
2  411035
1  411229
1  411325
2  411470
1  411567
1  411664
1  411761
2  411809
1  411906
2  412003
2  412099
1  412196
2  412341
1  412438
2  412535
1  412680
1  412874
1  412970
2  413067
2  413358
1  413503
2  413648
1  413745
2  413841
2  413938
1  414083
1  414180
1  414277
2  414325
1  414374
2  414520
2  414616
1  414712
1  414809
2  414906
1  415099
2  415196
2  415487
1  415680
2  415777
1  416067
2  416132
2  416196
1  416261
2  416325
1  416390
2  416519
1  416648
2  416712
2  416777
1  416841
1  416970
1  417099
2  417229
1  417358
1  417487
1  417680
1  417809
1  417938
2  418003
1  418067
2  418261
1  418390
1  418519
1  418648
1  418777
1  418841
1  418906
1  418970
1  419035
1  419099
2  419164
1  419293
1  419422
1  419551
2  419680
2  419745
1  419809
2  419938
1  420132
1  420261
1  420390
2  420519
1  420583
1  420648
2  420712
1  420841
1  420970
1  421099
1  421293
2  421487
2  422261
1  422454
2  422841
1  423035
2  423422
1  423616
2  424003
2  424099
1  424196
2  424390
2  424583
1  424777
1  424874
1  424970
2  425358
1  425551
2  425938
1  426132
2  426519
1  426712
1  426906
2  427099
2  427196
1  427293
1  427487
2  427680
2  427777
2  427874
2  428164
2  428454
1  428648
2  429035
1  429229
2  429616
1  429809
2  430196
2  430293
1  430390
2  430583
2  430777
1  430970
1  431019
1  431067
2  431116
1  431212
1  431309
1  431406
1  431503
2  431551
1  431745
2  432132
1  432325
2  432712
1  432906
1  433099
2  433293
2  433390
1  433487
1  433680
2  433874
2  433922
2  433970
2  434019
1  434116
1  434164
1  434212
2  434261
2  434454
