crystallized.mp3 2000
1 9004
1 11762
2 13142
1 13831
1 14521
1 17280
2 18659
2 20038
1 22797
2 24176
1 24866
1 25555
1 28314
2 29693
1 31073
1 33486
2 33831
1 36245
2 36590
1 39004
1 39349
2 40383
1 40728
1 41417
2 42107
1 44521
2 44866
1 47280
2 47624
1 50038
1 50383
2 51417
1 51762
1 52452
2 53142
1 54521
1 55555
1 57280
1 58314
1 60038
2 61073
1 62797
2 63486
1 64176
1 65555
1 66590
1 68314
1 69349
2 71073
2 72107
1 73831
1 74521
2 75211
1 76590
2 77969
1 79349
2 80728
2 81417
2 82107
2 82797
1 83486
2 84866
1 86245
1 87624
2 88314
1 89004
1 89693
2 90383
2 91762
1 93142
2 93831
1 94521
2 95211
2 95900
1 97280
1 98659
2 99349
1 100038
1 100728
2 101417
1 102797
2 103486
1 104176
2 104866
1 105555
1 106245
2 106935
1 108314
1 109521
1 110383
2 111073
1 112452
1 113142
1 113831
1 115038
2 115900
2 116590
2 117969
1 118486
1 119349
1 120555
1 121417
1 122107
2 123486
1 124176
1 124866
2 126073
1 126935
2 127624
2 129004
2 129693
2 130383
2 141417
2 144176
2 146073
2 146935
2 147624
2 148314
1 149004
2 149693
1 151073
1 152452
1 153831
1 154866
1 156590
1 157624
1 159349
1 160383
1 162107
2 162797
1 163486
2 164866
1 166245
2 167624
1 169004
1 169693
1 170383
1 171073
2 171762
2 173142
1 174521
2 175211
1 175900
2 176590
1 177280
1 178659
1 179004
2 179349
1 180038
2 180728
1 181417
2 182107
1 182797
2 184176
1 184521
2 184866
1 185555
2 186245
1 186935
2 187624
1 188314
1 189693
1 190038
2 190383
1 191073
2 191762
1 192452
2 193142
1 193831
1 194521
2 195211
1 196590
2 197969
1 198659
2 199349
1 200038
2 200728
1 202107
1 203486
2 204176
1 204866
2 205555
2 206245
1 207624
1 209004
2 209693
1 210383
2 211073
2 211762
1 213142
1 214176
1 215211
1 215900
2 216590
1 217280
2 217969
1 218659
1 220038
1 221417
1 222797
2 223486
1 224176
1 225555
1 226935
2 228314
1 229004
2 229693
1 231073
2 232452
1 233831
1 234521
2 235211
1 237969
1 239349
2 240728
2 243486
2 246245
1 249004
1 250383
2 251762
1 254521
2 255900
1 257280
1 260038
2 261417