crystallized.mp3 1000
2 9004
2 11762
1 13141
2 14521
2 17279
1 18659
1 20038
2 20383
1 20728
2 21073
1 21417
1 21762
1 22107
1 22797
1 23141
2 23486
2 23831
1 24176
2 24521
1 24866
2 25555
1 25900
1 26590
1 26935
1 27452
1 27969
2 28314
1 28659
2 29348
1 29693
1 30210
1 30728
2 31073
1 31417
2 32107
1 32452
1 32969
1 33486
2 33831
1 34176
1 34866
1 35210
2 35728
1 36245
2 36590
1 36935
1 37624
1 37969
2 38486
2 39004
2 39348
1 39693
1 40383
1 40728
1 41245
2 41590
1 41762
2 42107
1 42452
2 43142
1 43487
1 44004
1 44521
2 44866
1 45211
1 45901
1 46245
2 46763
1 47280
2 47625
1 47970
1 48659
1 49004
1 49521
1 50039
2 50383
2 50728
1 51073
2 51417
1 51762
2 52107
2 52280
1 52452
2 53142
2 53831
2 54521
1 55038
2 55555
2 56245
1 56590
2 56935
1 57280
1 57797
2 58314
2 59004
1 59349
1 59693
1 60038
1 60555
2 61073
2 61762
1 62452
2 62797
1 63142
1 63831
2 64176
1 64866
1 65210
2 65555
1 66073
2 66590
2 67280
1 67624
2 67969
2 68314
1 68831
2 69349
2 70038
1 70383
1 70728
1 71073
1 71590
2 72107
1 72797
1 73486
1 74176
1 74866
1 75211
2 75555
1 75900
2 76245
1 76590
1 76935
1 77280
1 77969
2 78314
1 78659
2 79004
1 79349
1 79693
2 80038
1 80728
1 81073
1 81417
1 81762
1 82107
1 82452
1 82797
1 83142
1 83486
1 83831
1 84004
1 84176
1 84521
1 84866
1 86245
1 86590
1 86762
1 87107
1 87280
1 87624
2 87969
1 88314
2 89004
1 89349
2 89693
1 90038
2 90383
2 91073
1 91762
1 92107
1 92280
1 92624
1 92797
1 93142
1 93486
1 93831
2 94521
1 94866
2 95211
1 95555
1 95900
2 96590
1 97280
1 97624
1 97797
1 98142
1 98314
1 98659
2 99004
1 99349
2 100038
1 100383
2 100728
1 101073
2 101417
2 102107
2 102797
1 103142
1 103314
1 103659
1 103831
1 104176
2 104521
1 104866
2 105555
1 105900
2 106245
1 106590
2 106935
1 107280
1 107624
2 108314
2 108659
1 109004
1 109521
2 110038
1 110383
2 111073
1 111762
2 112107
2 112452
2 112797
1 113142
2 113831
2 114176
1 114521
1 115038
2 115555
1 115900
2 116590
2 116935
1 117280
2 117624
1 117969
1 118486
1 119004
2 119349
1 120038
1 120555
2 121073
1 121417
2 121762
2 122107
1 122797
1 123142
1 123486
2 123831
1 124176
2 124866
2 125211
1 125555
1 126073
2 126590
1 126935
1 127624
1 127969
2 128314
2 128659
1 129004
2 129521
2 129693
2 130038
1 130383
1 141417
2 143831
1 144176
1 146073
2 146590
1 146935
1 147624
1 148314
2 148659
1 149004
1 149693
2 150038
2 150211
1 150383
2 150728
1 151073
2 151417
1 151762
1 152107
2 152452
2 153142
2 153831
1 154349
2 154866
2 155555
1 155900
2 156245
2 156590
1 157107
2 157624
2 158314
1 158659
2 159004
1 159349
1 159866
2 160383
2 161073
1 161417
2 161762
1 162107
1 162797
1 163142
1 163486
1 163831
2 164521
1 164866
1 165383
2 165900
1 166245
1 166590
1 167280
1 167624
1 168142
1 168659
1 169004
1 169693
1 170383
1 170900
1 171417
1 171762
2 172107
1 172452
1 172624
1 172797
1 173142
2 174521
2 174866
2 175211
2 175383
1 175555
2 175900
1 176245
1 176590
2 177280
2 177624
2 177969
1 178142
1 178314
1 178659
2 179004
1 179349
2 180038
2 180383
2 180728
2 180900
1 181073
2 181417
1 181762
1 182107
1 182797
2 183142
1 183486
2 183659
2 183831
2 184176
1 184521
2 184866
2 185555
1 185900
2 186245
2 186417
1 186590
2 186935
1 187280
1 187624
2 188314
2 188659
2 189004
2 189176
1 189349
2 189693
1 190038
2 190383
2 191073
1 191417
1 191762
2 192107
1 192452
1 192797
1 193142
2 193486
1 193831
2 194176
2 194349
1 194521
2 194866
1 195211
2 195555
1 195900
1 196590
1 196935
1 197107
1 197452
1 197625
1 197969
2 198314
1 198659
2 199349
1 199694
2 200038
1 200383
2 200728
2 201418
1 202107
1 202452
1 202625
1 202969
1 203142
1 203487
1 203831
1 204176
2 204866
1 205211
2 205556
1 205900
2 206245
2 206935
2 207280
1 207624
1 208314
1 208487
1 208660
1 209004
2 209349
1 209694
2 210384
1 210729
2 211073
1 211418
2 211763
2 212453
2 212797
1 213142
1 213660
1 214177
1 214522
1 215038
1 215556
2 215901
1 216246
2 216591
2 216763
1 216935
2 217280
1 217624
1 217969
2 218659
1 219004
2 219521
1 219693
2 220211
1 220383
2 220900
1 221073
2 221417
1 221762
2 222280
1 222452
2 222969
1 223142
1 223659
1 223831
2 224176
1 224521
2 225038
1 225211
2 225728
1 225900
2 226417
1 226590
2 226935
1 227280
2 227797
1 227969
2 228314
1 228659
2 229004
1 229693
1 230038
1 230728
1 231417
1 232107
2 232452
1 232797
1 233486
1 234176
1 234866
1 235211
1 235555
1 236245
1 236935
1 237624
1 237969
2 238314
1 239004
2 239349
2 240038
1 240728
2 243142
1 243486
2 245900
1 246245
2 248659
2 249004
1 250038
2 250383
2 251073
1 251762
2 254521
1 255900
2 256590
2 257280
2 260038
1 261417
