crystallized.mp3 1000
1 20038
1 20728
1 21417
1 22107
2 22452
2 22624
1 22797
1 23486
1 24176
1 24866
2 25038
1 25210
2 25383
1 25555
1 26245
1 26935
1 27624
2 27969
2 28141
1 28314
1 29004
1 29693
1 30383
2 30555
1 30728
2 30900
1 31072
2 33486
1 33831
1 35728
2 36245
1 36590
2 39004
1 39348
1 40383
2 40728
2 41417
1 42107
2 44521
1 44866
1 46762
2 47279
1 47624
1 50038
2 50383
2 53141
1 53831
2 54004
2 54176
1 54521
1 55038
1 55555
2 56245
2 56417
1 56590
2 56762
2 56935
1 57279
1 57797
1 58314
2 59004
2 59090
2 59176
1 59348
1 59521
2 59693
1 60038
1 60555
1 61072
2 61762
1 62107
1 62193
1 62279
2 62452
1 62797
1 63486
2 64176
2 64866
2 65210
2 65383
1 65555
1 66072
1 66590
2 67279
2 67452
1 67624
1 67797
2 67969
1 68314
1 68831
1 69348
2 70038
1 70210
2 70383
2 70469
2 70555
2 70728
1 71072
1 71590
1 72107
2 72624
1 72797
2 73141
2 73314
1 73486
2 73831
1 74176
1 74521
1 74866
1 75038
2 75210
2 75383
1 75555
2 75900
2 76072
1 76245
1 76590
1 76762
2 76935
1 77107
1 77279
2 77452
1 77624
2 77797
2 77883
2 77969
2 78141
1 78314
2 78659
2 78831
1 79004
1 79348
2 79521
2 79693
1 79866
1 80038
2 80210
1 80383
2 80555
2 80641
2 80728
2 81072
2 81417
2 81762
2 82107
2 82452
2 82797
2 83141
1 83486
1 83659
1 83831
1 84004
1 84176
1 84348
1 84521
1 84693
2 84866
1 85900
1 86072
2 86245
2 86417
1 86590
2 86762
2 86935
1 87107
1 87279
2 87452
2 87624
1 87969
2 88141
2 88228
2 88314
2 88486
1 88659
2 89004
2 89176
1 89348
1 89521
2 89693
1 90038
1 90210
2 90555
1 90728
1 90814
1 90900
1 91072
2 91417
2 91762
2 91935
1 92107
1 92279
2 92452
2 92624
1 92797
2 92969
2 93141
1 93486
2 93659
1 93831
1 93917
1 94004
2 94176
1 94521
1 94693
1 94865
2 95210
2 95297
2 95383
1 95555
1 95728
2 95900
1 96245
2 96590
1 96762
2 96935
1 97107
2 97279
2 97452
1 97624
1 97797
2 97969
1 98141
1 98314
2 98486
2 98659
1 99004
2 99176
2 99262
2 99348
2 99521
1 99693
2 100038
1 100210
2 100383
1 100555
2 100728
2 100900
1 101072
1 101245
2 101590
1 101762
1 101848
1 101934
1 102106
1 102452
2 102624
2 102797
1 103141
2 103314
2 103486
2 103659
1 103831
1 104004
2 104176
1 104521
2 104693
1 104866
1 104952
1 105038
2 105210
1 105556
1 105728
1 105900
1 106245
2 106590
1 106762
1 107107
2 107279
2 107366
2 107452
1 107624
2 108314
2 108486
2 108659
1 109004
1 109176
1 109262
1 109348
2 109521
1 109693
1 109866
2 110038
1 110383
1 110728
2 110900
2 111072
1 111762
2 112279
1 112452
2 112797
1 112969
1 113141
1 113486
2 113831
2 114004
2 114176
1 114521
1 114693
1 114779
1 114866
2 115038
1 115210
1 115383
2 115555
1 115900
2 116245
2 116417
1 116590
2 116935
1 117279
1 117969
2 118141
2 118314
1 118486
2 118659
2 118831
1 119004
2 119176
2 119262
2 119348
1 120038
1 120124
1 120210
2 120383
1 120555
1 120728
2 120900
1 121072
1 121417
2 121762
1 121935
2 122107
2 122279
1 122452
1 122797
1 122969
1 123141
1 123314
2 123486
1 124004
1 124090
1 124176
1 124521
2 124866
2 125038
2 125210
1 125555
1 125641
1 125728
2 125900
1 126072
1 126245
2 126417
1 126590
1 126935
1 127279
1 127452
2 127624
2 127797
2 127969
2 128141
2 128314
2 128486
2 128659
2 128831
1 129004
1 129176
1 129348
1 129521
1 129693
1 129866
2 130038
2 130124
2 130210
2 130383
1 141417
2 143831
1 144176
1 146072
2 146590
1 146935
2 147969
2 148313
2 148658
2 149004
2 149348
2 149693
2 151072
2 152452
1 153141
2 153314
2 153486
1 153831
1 154348
1 154865
2 155555
2 155727
1 155900
2 156072
2 156245
1 156589
1 157107
1 157624
2 158314
2 158400
2 158486
1 158658
1 158831
2 159003
1 159348
1 159865
1 160382
2 161072
2 161245
1 161417
1 161504
1 161589
2 161762
2 161935
1 162107
1 162796
2 163486
2 164176
2 164520
2 164693
1 164865
1 165382
1 165900
2 166245
2 166935
2 167279
1 167452
1 167624
1 168141
1 168658
2 169004
2 169348
2 169693
2 170038
1 170383
2 170728
1 170900
2 171245
1 171417
1 171762
1 171935
1 172107
1 172279
1 172452
1 172624
1 172797
1 172969
2 173141
1 174176
1 174348
2 174521
1 174866
2 175210
2 175383
1 175555
2 175728
2 175814
2 175900
1 176245
2 176417
1 176590
1 176762
2 176935
1 177107
1 177193
1 177279
1 177624
2 177797
2 177968
1 178141
2 178314
1 178486
1 178658
2 179004
2 179176
1 179348
2 179520
1 179693
1 179865
2 180038
1 180383
2 180727
1 180900
2 181072
2 181159
2 181245
1 181417
2 181590
1 181762
2 182107
2 182279
1 182452
1 182624
2 182797
1 183142
1 183314
2 183486
1 183831
2 184004
1 184176
1 184262
1 184348
2 184521
2 184693
1 184866
2 185038
1 185383
2 185555
1 185900
2 186244
2 186417
1 186589
2 186762
2 186848
2 186934
1 187279
1 187452
2 187624
2 187796
1 187969
2 188141
1 188314
2 188659
1 189003
2 189176
1 189349
2 189521
2 189607
2 189693
2 190039
1 190210
2 190383
2 190555
1 190728
1 190814
1 190900
2 191072
2 191417
2 191762
2 192107
2 192452
2 192797
2 193141
2 193486
2 193831
2 196590
2 196935
1 197107
2 197452
1 197624
2 197797
2 197883
2 197969
1 198141
2 198486
1 198659
1 198831
2 199004
1 199176
2 199348
1 199693
1 199866
2 200038
2 200210
1 200383
1 200555
2 201072
2 201159
2 201245
1 201417
2 201590
1 201762
2 202107
1 202452
2 202624
1 202969
2 203141
1 203314
1 203400
1 203486
2 203659
1 204004
2 204176
2 204348
1 204521
1 204693
2 204866
1 205210
2 205555
2 205641
2 205728
1 205900
1 206072
2 206245
1 206590
1 206935
2 207107
2 207452
1 207624
2 207797
1 207969
2 208141
2 208228
2 208314
2 208486
1 208659
2 209004
1 209176
2 209521
1 209693
1 209866
2 210038
1 210210
2 210383
2 210728
2 210900
1 211072
1 211245
1 211417
2 211590
2 211935
1 212107
1 212193
1 212279
1 212452
2 212797
1 213141
2 213314
2 213486
1 213659
2 214004
1 214176
2 214348
2 214435
2 214521
1 214693
2 215038
2 215210
1 215383
1 215555
2 215728
1 215900
1 216072
1 216245
1 216590
2 216935
1 217107
2 217279
2 217366
2 217452
1 217624
2 217797
1 217969
1 218141
1 218486
2 218659
1 219004
2 219348
2 219521
1 219693
2 220210
1 220383
2 220728
2 220814
2 220900
1 221072
2 221417
2 221590
1 221762
2 221935
2 222279
1 222451
1 222797
2 222968
1 223141
2 223314
1 223486
1 223572
1 223659
1 223830
2 224004
2 224176
1 224521
2 224865
2 225038
1 225210
2 225727
1 225900
2 226245
2 226331
2 226417
1 226589
2 226934
2 227107
1 227279
2 227452
2 227796
1 227968
1 228314
2 228485
1 228658
2 228831
1 229003
2 229176
2 229262
2 229348
1 229521
2 229693
1 230038
2 230382
2 230555
1 230727
2 231244
1 231417
2 231762
2 231848
2 231935
1 232106
2 232451
2 232624
1 232796
2 232969
2 233313
1 233485
1 233831
2 234002
1 234175
2 234348
1 234520
1 234606
1 234693
1 234864
2 235038
2 235210
1 235555
2 236072
1 236245
2 236590
2 236762
1 236935
2 237107
2 237452
1 237624
2 237969
2 238141
1 238314
2 238831
1 239004
2 239176
1 239348
2 243141
1 243486
2 245383
2 245900
1 246245
2 248659
1 249004
1 250038
2 250383
2 251072
1 251762