crystallized.mp3 1500
1 9004
1 11762
2 13141
1 14521
1 17279
2 18659
2 20038
1 20383
2 20728
1 21073
2 21417
2 21762
2 22107
2 22797
2 23141
1 23486
1 23831
2 24176
1 24521
2 24866
1 25555
2 25900
2 26590
2 26935
2 27452
2 27969
1 28314
2 28659
1 29348
2 29693
2 30210
2 30728
1 31073
2 31417
1 32107
2 32452
2 32969
2 33486
1 33831
2 34176
2 34866
2 35210
1 35728
2 36245
1 36590
2 36935
2 37624
2 37969
1 38486
1 39004
1 39348
2 39693
2 40383
2 40728
2 41245
1 41590
2 41762
1 42107
2 42452
1 43142
2 43487
2 44004
2 44521
1 44866
2 45211
2 45901
2 46245
1 46763
2 47280
1 47625
2 47970
2 48659
2 49004
2 49521
2 50039
1 50383
1 50728
2 51073
1 51417
2 51762
1 52107
1 52280
2 52452
1 53142
1 53831
1 54521
2 55038
1 55555
1 56245
2 56590
1 56935
2 57280
2 57797
1 58314
1 59004
2 59349
2 59693
2 60038
2 60555
1 61073
1 61762
2 62452
1 62797
2 63142
2 63831
1 64176
2 64866
2 65210
1 65555
2 66073
1 66590
1 67280
2 67624
1 67969
1 68314
2 68831
1 69349
1 70038
2 70383
2 70728
2 71073
2 71590
1 72107
2 72797
2 73486
2 74176
2 74866
2 75211
1 75555
2 75900
1 76245
2 76590
2 76935
2 77280
2 77969
1 78314
2 78659
1 79004
2 79349
2 79693
1 80038
2 80728
2 81073
2 81417
2 81762
2 82107
2 82452
2 82797
2 83142
2 83486
2 83831
2 84004
2 84176
2 84521
2 84866
2 86245
2 86590
2 86762
2 87107
2 87280
2 87624
1 87969
2 88314
1 89004
2 89349
1 89693
2 90038
1 90383
1 91073
2 91762
2 92107
2 92280
2 92624
2 92797
2 93142
2 93486
2 93831
1 94521
2 94866
1 95211
2 95555
2 95900
1 96590
2 97280
2 97624
2 97797
2 98142
2 98314
2 98659
1 99004
2 99349
1 100038
2 100383
1 100728
2 101073
1 101417
1 102107
1 102797
2 103142
2 103314
2 103659
2 103831
2 104176
1 104521
2 104866
1 105555
2 105900
1 106245
2 106590
1 106935
2 107280
2 107624
1 108314
1 108659
2 109004
2 109521
1 110038
2 110383
1 111073
2 111762
1 112107
1 112452
1 112797
2 113142
1 113831
1 114176
2 114521
2 115038
1 115555
2 115900
1 116590
1 116935
2 117280
1 117624
2 117969
2 118486
2 119004
1 119349
2 120038
2 120555
1 121073
2 121417
1 121762
1 122107
2 122797
2 123142
2 123486
1 123831
2 124176
1 124866
1 125211
2 125555
2 126073
1 126590
2 126935
2 127624
2 127969
1 128314
1 128659
2 129004
1 129521
1 129693
1 130038
2 130383
2 141417
1 143831
2 144176
2 146073
1 146590
2 146935
2 147624
2 148314
1 148659
2 149004
2 149693
1 150038
1 150211
2 150383
1 150728
2 151073
1 151417
2 151762
2 152107
1 152452
1 153142
1 153831
2 154349
1 154866
1 155555
2 155900
1 156245
1 156590
2 157107
1 157624
1 158314
2 158659
1 159004
2 159349
2 159866
1 160383
1 161073
2 161417
1 161762
2 162107
2 162797
2 163142
2 163486
2 163831
1 164521
2 164866
2 165383
1 165900
2 166245
2 166590
2 167280
2 167624
2 168142
2 168659
2 169004
2 169693
2 170383
2 170900
2 171417
2 171762
1 172107
2 172452
2 172624
2 172797
2 173142
1 174521
1 174866
1 175211
1 175383
2 175555
1 175900
2 176245
2 176590
1 177280
1 177624
1 177969
2 178142
2 178314
2 178659
1 179004
2 179349
1 180038
1 180383
1 180728
1 180900
2 181073
1 181417
2 181762
2 182107
2 182797
1 183142
2 183486
1 183659
1 183831
1 184176
2 184521
1 184866
1 185555
2 185900
1 186245
1 186417
2 186590
1 186935
2 187280
2 187624
1 188314
1 188659
1 189004
1 189176
2 189349
1 189693
2 190038
1 190383
1 191073
2 191417
2 191762
1 192107
2 192452
2 192797
2 193142
1 193486
2 193831
1 194176
1 194349
2 194521
1 194866
2 195211
1 195555
2 195900
2 196590
2 196935
2 197107
2 197452
2 197625
2 197969
1 198314
2 198659
1 199349
2 199694
1 200038
2 200383
1 200728
1 201418
2 202107
2 202452
2 202625
2 202969
2 203142
2 203487
2 203831
2 204176
1 204866
2 205211
1 205556
2 205900
1 206245
1 206935
1 207280
2 207624
2 208314
2 208487
2 208660
2 209004
1 209349
2 209694
1 210384
2 210729
1 211073
2 211418
1 211763
1 212453
1 212797
2 213142
2 213660
2 214177
2 214522
2 215038
2 215556
1 215901
2 216246
1 216591
1 216763
2 216935
1 217280
2 217624
2 217969
1 218659
2 219004
1 219521
2 219693
1 220211
2 220383
1 220900
2 221073
1 221417
2 221762
1 222280
2 222452
1 222969
2 223142
2 223659
2 223831
1 224176
2 224521
1 225038
2 225211
1 225728
2 225900
1 226417
2 226590
1 226935
2 227280
1 227797
2 227969
1 228314
2 228659
1 229004
2 229693
2 230038
2 230728
2 231417
2 232107
1 232452
2 232797
2 233486
2 234176
2 234866
2 235211
2 235555
2 236245
2 236935
2 237624
2 237969
1 238314
2 239004
1 239349
1 240038
2 240728
1 243142
2 243486
1 245900
2 246245
1 248659
1 249004
2 250038
1 250383
1 251073
2 251762
1 254521
2 255900
1 256590
1 257280
1 260038
2 261417
