crystallized.mp3 2000
2  9004
2  11762
1  13142
2  13831
2  14521
2  17280
1  18659
1  20038
2  22797
1  24176
2  24866
2  25555
2  28314
1  29693
2  31073
2  33486
1  33831
2  36245
1  36590
2  39004
2  39349
1  40383
2  40728
2  41417
1  42107
2  44521
1  44866
2  47280
1  47624
2  50038
2  50383
1  51417
2  51762
2  52452
1  53142
2  54521
2  55555
2  57280
2  58314
2  60038
1  61073
2  62797
1  63486
2  64176
2  65555
2  66590
2  68314
2  69349
1  71073
1  72107
2  73831
2  74521
1  75211
2  76590
1  77969
2  79349
1  80728
1  81417
1  82107
1  82797
2  83486
1  84866
2  86245
2  87624
1  88314
2  89004
2  89693
1  90383
1  91762
2  93142
1  93831
2  94521
1  95211
1  95900
2  97280
2  98659
1  99349
2  100038
2  100728
1  101417
2  102797
1  103486
2  104176
1  104866
2  105555
2  106245
1  106935
2  108314
2  109521
2  110383
1  111073
2  112452
2  113142
2  113831
2  115038
1  115900
1  116590
1  117969
2  118486
2  119349
2  120555
2  121417
2  122107
1  123486
2  124176
2  124866
1  126073
2  126935
1  127624
1  129004
1  129693
1  130383
1  141417
1  144176
1  146073
1  146935
1  147624
1  148314
2  149004
1  149693
2  151073
1  152452
2  153831
2  154866
2  156590
2  157624
1  159349
2  160383
2  162107
1  162797
2  163486
1  164866
2  166245
1  167624
2  169004
2  169693
2  170383
2  171073
1  171762
1  173142
2  174521
1  175211
2  175900
1  176590
2  177280
2  178659
2  179004
1  179349
2  180038
1  180728
2  181417
1  182107
2  182797
1  184176
2  184521
1  184866
2  185555
1  186245
2  186935
1  187624
2  188314
2  189693
2  190038
1  190383
2  191073
1  191762
2  192452
1  193142
2  193831
2  194521
1  195211
1  196590
1  197969
2  198659
1  199349
2  200038
1  200728
2  202107
2  203486
1  204176
2  204866
1  205555
1  206245
2  207624
2  209004
1  209693
2  210383
1  211073
1  211762
2  213142
2  214176
2  215211
2  215900
1  216590
2  217280
1  217969
2  218659
2  220038
2  221417
2  222797
1  223486
2  224176
2  225555
2  226935
1  228314
2  229004
1  229693
2  231073
1  232452
2  233831
2  234521
1  235211
2  237969
2  239349
1  240728
1  243486
1  246245
2  249004
2  250383
1  251762
2  254521
1  255900
2  257280
2  260038
1  261417
