"Fallen.mp3" 1000
2  1591
1  2296
2  3002
1  3708
2  4414
1  5120
2  5826
1  6532
2  7238
2  8649
2  10061
1  10767
2  11473
1  12885
2  13590
2  14296
1  15002
2  15708
2  17120
2  17826
1  18532
2  19943
1  20649
2  21355
2  22767
2  23473
1  24179
1  25238
2  25590
1  26296
2  27002
1  27355
2  28414
2  29120
1  29826
1  30885
2  31238
1  31943
2  32649
2  33355
1  34061
1  34767
2  35473
1  36885
2  38296
2  41120
1  42532
2  43943
1  45355
2  46767
2  48179
1  49590
1  51002
2  52414
2  53826
1  55238
2  56649
1  57355
2  58061
2  59473
2  60179
1  60885
2  61590
1  62296
1  63002
2  63708
2  65120
2  65826
1  66532
2  67943
1  68649
2  69355
2  70767
2  71473
1  72179
1  73590
1  74296
2  75002
2  76414
2  77826
2  78532
2  79238
1  79590
1  80649
2  82061
1  82767
2  83473
1  84179
2  84885
1  85590
2  86296
1  87708
1  88414
2  89120
1  89826
2  90532
2  91238
1  91590
2  91943
2  93355
1  94061
1  94767
1  95473
2  96179
1  96885
2  97590
2  99002
1  99708
2  100414
1  101120
2  101826
1  102532
1  102885
2  103238
1  104296
2  104649
1  105355
1  106061
2  106767
1  107473
2  108179
1  108885
2  110296
2  111002
1  111708
2  112414
2  113120
1  113826
2  114179
1  114532
2  115590
1  115943
2  116649
1  117355
2  118061
1  118767
1  119473
2  120179
2  121590
2  123002
2  123708
2  124414
1  125120
2  125826
1  126885
2  127238
1  127943
2  128649
1  129002
2  130061
2  130767
1  131473
2  132885
1  134296
1  135002
2  135708
2  136414
1  136767
