"Fallen.mp3" 2000
2  1591
1  2296
1  2649
2  3002
1  3708
2  4061
2  4414
1  5120
2  5473
1  5826
2  6532
1  6885
2  7238
2  8296
2  8649
2  9355
1  9708
2  10061
2  10414
2  10767
1  11120
2  11473
1  12532
1  12885
2  13590
1  13943
2  14296
1  15002
2  15708
1  16414
1  16767
2  17120
2  17826
2  18179
1  18532
1  19590
2  19943
1  20649
2  21355
1  22061
1  22414
2  22767
2  23473
2  23826
1  24179
1  25238
2  25590
1  25943
1  26296
2  27002
1  27355
1  28061
2  28414
2  29120
2  29473
1  29826
1  30885
2  31238
1  31590
1  31943
2  32649
1  33002
2  33355
1  34061
2  34414
1  34767
1  35120
2  35473
1  36885
2  37590
2  38296
2  41120
1  42532
1  43238
2  43943
1  45355
2  46767
2  48179
1  49590
1  51002
2  52414
2  53826
1  55238
2  56649
1  57355
2  58061
1  58767
2  59473
2  60179
2  60532
1  60885
2  61590
1  62296
2  63002
1  63355
2  63708
1  64767
2  65120
2  65826
1  66532
2  67238
2  67943
2  68296
1  68649
1  69002
2  69355
1  70414
2  70767
2  71473
1  71826
1  72179
1  73238
1  73590
1  74296
1  74649
2  75002
1  75708
2  76414
1  77120
2  77826
2  78532
1  78885
2  79238
1  79590
1  80649
1  81708
2  82061
2  82767
1  83120
2  83473
1  84179
1  84532
2  84885
1  85238
2  85590
1  85943
2  86296
1  87355
1  87708
1  88414
1  88767
2  89120
1  89826
1  90179
2  90532
1  90885
2  91238
1  91590
2  91943
2  93002
2  93355
1  94061
2  94414
1  94767
1  95473
1  95826
2  96179
1  96532
2  96885
1  97238
2  97590
1  98649
2  99002
1  99708
1  100061
2  100414
1  101120
2  101473
2  101826
2  102179
1  102532
1  102885
2  103238
1  104296
2  104649
1  105355
2  105708
1  106061
2  106767
1  107120
1  107473
2  108179
2  108532
1  108885
1  109590
2  110296
2  111002
1  111355
2  111708
2  112414
2  113120
2  113473
1  113826
2  114179
1  114532
2  115590
1  115943
2  116649
1  117002
1  117355
1  118061
2  118414
1  118767
1  119473
1  119826
2  120179
2  121590
2  123002
2  123708
1  124061
2  124414
1  125120
1  125473
2  125826
1  126885
2  127238
2  127590
1  127943
2  128649
1  129002
1  129708
2  130061
2  130767
2  131120
1  131473
2  132179
2  132885
2  133590
1  133943
1  134296
1  135002
1  135355
2  135708
2  136414
1  136767
