"Fallen.mp3" 1000
2  1591
2  1943
1  2120
1  2296
1  2649
2  3002
2  3355
1  3532
1  3708
1  4061
2  4414
2  4767
1  4943
1  5120
2  5473
2  5826
1  6179
2  6532
2  6708
1  6885
1  7061
2  7238
1  7943
2  8296
1  8473
2  8649
1  9002
2  9355
2  9532
1  9708
2  10061
2  10414
1  10590
2  10767
1  11120
1  11296
2  11473
1  12179
2  12355
1  12532
1  12885
2  13590
2  13767
1  13943
1  14120
2  14296
2  14649
2  14826
1  15002
1  15355
1  15532
2  15708
1  16061
1  16414
2  16590
1  16767
1  17120
1  17473
1  17649
2  17826
2  18179
2  18355
1  18532
2  19238
2  19414
1  19590
1  19767
2  19943
2  20296
1  20473
1  20649
1  21002
2  21179
2  21355
1  21708
1  22061
2  22238
1  22414
1  22767
2  23120
2  23296
1  23473
1  23826
1  24002
2  24179
1  24885
2  25061
1  25238
2  25590
2  25943
1  26296
1  26473
2  26649
2  27002
2  27179
1  27355
2  27708
1  27885
1  28061
2  28414
1  28767
2  29120
1  29296
2  29473
2  29649
1  29826
1  30532
2  30708
1  30885
2  31238
1  31590
1  31943
2  32120
2  32296
2  32649
1  32826
1  33002
2  33355
1  33708
1  34061
2  34238
2  34414
1  34590
2  34943
1  35120
1  35296
2  35473
1  36885
2  37590
2  38296
2  41120
1  42532
1  43238
2  43943
1  45355
2  46767
2  48179
1  49590
1  51002
2  52414
2  53826
1  55238
2  56649
2  57179
1  57355
2  58061
1  58414
2  58767
1  59120
2  59473
1  59826
2  60179
1  60355
2  60532
2  60885
1  61238
2  61590
1  61943
2  62296
1  62649
2  63002
1  63355
1  63532
2  63708
2  64414
1  64767
2  65120
1  65473
2  65826
2  66002
1  66179
2  66532
1  66885
2  67238
2  67414
1  67590
2  67943
2  68296
2  68473
1  68649
1  69002
1  69179
2  69355
1  70061
2  70238
1  70414
2  70767
1  71120
2  71473
2  71649
1  71826
1  72002
2  72179
1  72532
1  72885
2  73414
1  73590
2  74120
1  74296
1  74649
1  74826
2  75002
1  75708
2  76061
1  76238
2  76414
1  77120
2  77473
1  77649
2  77826
2  78002
1  78179
2  78532
1  78885
1  79061
2  79238
2  79414
1  79590
2  79767
1  80649
2  81002
2  81179
1  81355
1  81708
1  81885
2  82061
2  82414
1  82767
2  82943
1  83120
1  83296
2  83473
1  84179
1  84532
2  84708
1  84885
2  85238
2  85414
1  85590
1  85943
1  86120
2  86296
2  86649
2  86826
1  87002
1  87355
2  87532
1  87708
2  88061
1  88414
2  88590
1  88767
1  88943
2  89120
1  89826
1  90179
1  90355
2  90532
1  90885
2  91061
1  91238
1  91590
1  91767
2  91943
1  92649
2  92826
2  93179
1  93355
2  93532
1  94061
2  94238
1  94590
2  94767
1  94943
2  95296
1  95473
2  95649
1  95826
2  96179
1  96355
2  96708
2  96885
1  97238
1  97414
2  97590
1  98296
2  98473
1  98826
1  99002
2  99179
1  99708
2  99885
1  100238
2  100414
1  100590
2  100943
1  101120
1  101473
2  101649
2  101826
1  102002
2  102355
1  102532
1  102885
1  103061
2  103238
1  103943
1  104296
1  104473
2  104649
1  105002
1  105355
1  105708
2  105885
1  106061
1  106414
2  106767
1  107120
2  107296
1  107473
2  107826
2  108179
2  108532
2  108708
1  108885
1  109590
1  109943
1  110120
2  110296
1  110649
2  111002
2  111179
1  111355
2  111708
1  112061
2  112414
2  112590
1  112767
2  113120
2  113473
1  113826
1  114002
2  114179
2  114355
1  114532
1  115238
2  115590
2  115767
1  115943
2  116296
1  116649
1  117002
1  117179
1  117355
2  117708
1  118061
1  118414
2  118590
1  118767
2  119120
1  119473
1  119826
1  120002
2  120179
2  120885
2  121590
2  122296
2  123002
1  123355
2  123708
1  124061
1  124238
2  124414
1  125120
2  125296
1  125473
1  125649
2  125826
1  126532
2  126708
1  126885
2  127238
2  127590
1  127943
1  128120
2  128296
2  128649
2  128826
1  129002
2  129355
2  129532
1  129708
2  130061
1  130414
2  130767
1  130943
2  131120
2  131296
1  131473
2  132179
1  132532
2  132885
2  133590
2  133767
1  133943
1  134296
2  134649
2  134826
1  135002
1  135355
1  135532
2  135708
2  136061
2  136414
2  136590
1  136767
1  136943
