"Fallen.mp3" 800
2  1591
1  1767
2  1943
1  2120
1  2208
2  2296
2  2473
2  2649
2  2738
1  2826
2  3002
1  3179
2  3355
1  3532
1  3620
2  3708
2  3885
2  4061
1  4149
2  4238
2  4414
1  4590
2  4767
1  4943
1  5032
2  5120
2  5296
2  5473
2  5561
1  5649
2  5826
1  6002
2  6179
2  6267
1  6355
1  6443
2  6532
1  6620
2  6708
2  6796
1  6885
1  6973
1  7061
1  7149
2  7238
1  7414
2  7590
2  7679
1  7767
1  7855
2  7943
2  8120
2  8296
2  8385
1  8473
2  8649
1  8826
2  9002
2  9090
1  9179
1  9267
2  9355
2  9532
2  9708
1  9796
2  9885
2  10061
1  10149
2  10238
2  10326
1  10414
2  10502
1  10590
1  10679
2  10767
1  10855
2  10943
2  11032
1  11120
2  11208
1  11296
1  11385
2  11473
1  11649
2  11914
2  12002
1  12090
1  12179
2  12355
2  12443
1  12532
2  12708
1  12885
2  13061
2  13238
1  13326
2  13414
2  13502
1  13590
2  13767
1  13943
2  14032
1  14120
1  14208
2  14296
2  14473
2  14561
1  14649
2  14826
1  15002
2  15090
2  15179
2  15267
1  15355
1  15532
1  15620
2  15708
2  15885
1  16061
2  16149
1  16238
1  16326
2  16414
2  16590
2  16767
1  16855
2  16943
2  17032
1  17120
1  17296
1  17385
2  17473
2  17649
2  17826
1  17914
1  18002
1  18179
2  18267
2  18355
2  18443
1  18532
2  18708
2  18885
1  18973
2  19061
2  19149
1  19238
2  19414
1  19590
2  19679
1  19767
1  19855
2  19943
2  20120
2  20208
1  20296
2  20473
1  20649
2  20738
2  20826
2  20914
1  21002
2  21179
2  21267
1  21355
2  21532
1  21708
2  21796
1  21885
1  21973
2  22061
2  22238
2  22414
1  22502
2  22590
2  22679
1  22767
1  22943
1  23032
2  23120
2  23296
2  23473
2  23561
1  23649
1  23826
2  23914
1  24002
1  24090
2  24179
1  24355
2  24443
2  24620
1  24708
2  24796
1  24885
2  25061
1  25238
2  25326
1  25414
1  25502
2  25590
1  25679
1  25855
2  25943
2  26120
2  26208
1  26296
2  26385
1  26473
1  26561
2  26649
1  26826
2  27002
2  27090
1  27179
1  27355
1  27532
1  27620
2  27708
1  27796
2  27885
2  27973
1  28061
1  28238
1  28326
2  28414
1  28502
2  28590
1  28767
1  28943
1  29032
2  29120
1  29208
2  29296
1  29385
2  29473
2  29561
1  29649
1  29738
2  29826
1  30002
2  30090
2  30267
1  30355
2  30443
1  30532
2  30708
1  30885
2  30973
1  31061
1  31149
2  31238
1  31326
1  31502
2  31590
2  31767
2  31855
1  31943
2  32032
1  32120
1  32208
2  32296
1  32473
2  32649
2  32738
1  32826
2  32914
1  33002
2  33090
1  33179
1  33267
2  33355
1  33443
2  33532
2  33620
1  33708
1  33796
2  33885
2  33973
1  34061
1  34120
1  34179
2  34238
1  34326
1  34414
2  34502
1  34590
2  34679
2  34767
1  34855
2  34943
2  35032
1  35120
2  35208
1  35296
1  35385
2  35473
1  36885
2  37590
2  38296
2  41120
1  42532
1  43238
2  43943
1  45355
2  46767
2  48179
1  49590
2  50296
1  51002
1  51708
2  52414
2  53826
1  55238
2  56649
2  57179
1  57355
2  57532
2  58061
1  58414
2  58590
2  58767
2  58943
1  59120
2  59473
2  59649
1  59826
1  60002
1  60090
2  60179
1  60355
2  60532
2  60885
2  61061
1  61238
1  61414
2  61502
2  61590
2  61767
1  61943
2  62296
2  62473
1  62649
1  62826
1  62914
2  63002
1  63179
1  63355
1  63532
1  63620
2  63708
1  64061
2  64238
2  64414
2  64590
1  64767
2  65120
2  65296
1  65473
1  65649
1  65738
2  65826
2  66002
1  66179
2  66532
2  66708
1  66885
1  67061
2  67149
2  67238
2  67414
1  67590
2  67943
2  68120
1  68296
2  68473
2  68561
1  68649
2  68826
1  69002
1  69179
1  69267
2  69355
2  69532
1  69708
2  69885
2  69973
1  70061
2  70149
2  70326
1  70414
2  70590
2  70767
2  70943
1  71032
1  71120
2  71296
1  71473
2  71561
2  71738
1  71826
2  71914
1  72002
1  72090
2  72179
2  72355
1  72443
1  72620
2  72708
2  72885
2  72973
2  73061
1  73149
1  73326
2  73414
1  73590
2  73679
1  73855
1  74032
2  74120
2  74296
1  74385
2  74561
1  74649
2  74738
1  74826
1  74914
2  75002
1  75179
2  75267
1  75443
2  75532
1  75708
2  75796
2  75885
1  75973
2  76149
1  76238
2  76414
1  76590
2  76679
1  76855
2  76943
1  77120
1  77208
2  77296
1  77385
2  77561
1  77649
2  77826
2  77914
1  78002
2  78090
2  78179
1  78267
1  78355
1  78443
2  78532
1  78708
1  78796
2  78885
1  78973
2  79061
1  79149
2  79238
2  79296
2  79355
1  79414
1  79502
2  79590
2  79679
1  79767
1  79826
1  79885
2  80120
2  80208
1  80296
2  80473
1  80649
2  80826
2  80914
2  81002
1  81090
2  81179
1  81355
2  81532
1  81620
2  81708
2  81796
1  81885
1  81973
2  82061
1  82238
2  82326
2  82414
1  82502
2  82590
1  82767
2  82943
1  83032
1  83120
2  83208
1  83296
1  83385
2  83473
1  83649
2  83738
2  83826
2  83914
1  84002
1  84179
2  84267
1  84443
2  84532
1  84620
2  84708
2  84796
1  84885
2  84973
1  85149
2  85238
1  85326
1  85414
2  85502
2  85590
1  85679
2  85855
1  85943
2  86032
1  86120
1  86208
2  86296
1  86473
2  86561
2  86649
1  86738
2  86826
1  87002
2  87179
1  87267
2  87355
2  87443
1  87532
1  87620
2  87708
1  87885
2  87973
2  88061
1  88149
2  88238
1  88414
1  88590
1  88679
2  88767
2  88855
1  88943
1  89032
2  89120
1  89296
2  89385
2  89473
1  89561
2  89649
1  89826
2  89914
1  90090
2  90179
1  90267
2  90355
2  90443
1  90532
2  90620
1  90796
2  90885
1  90973
1  91061
2  91149
2  91238
1  91326
2  91502
1  91590
2  91679
1  91767
1  91855
2  91943
1  92120
2  92208
2  92296
1  92385
2  92473
2  92561
1  92649
2  92738
2  92826
1  92914
2  93002
2  93090
1  93179
1  93267
2  93355
1  93532
2  93620
2  93708
1  93796
2  93885
2  93973
1  94061
2  94149
2  94238
1  94326
2  94414
1  94502
1  94590
1  94679
2  94767
1  94943
2  95032
2  95120
1  95208
2  95296
2  95385
1  95473
1  95561
2  95649
1  95738
1  95826
1  95914
2  96002
1  96179
2  96267
2  96355
1  96443
2  96532
1  96620
2  96708
2  96885
1  96973
1  97149
2  97238
2  97326
1  97414
1  97502
2  97590
1  97767
2  97855
2  97943
1  98032
2  98120
2  98208
1  98296
2  98385
2  98473
1  98561
2  98649
2  98738
1  98826
1  98914
2  99002
1  99179
2  99267
2  99355
1  99443
2  99532
2  99620
1  99708
2  99796
2  99885
1  99973
2  100061
1  100149
1  100238
1  100326
2  100414
1  100590
1  100679
2  100767
1  100855
2  100943
2  101032
1  101120
2  101208
2  101296
1  101385
2  101473
1  101561
2  101649
1  101826
2  101914
2  102002
1  102090
2  102179
2  102267
1  102355
2  102443
2  102532
1  102620
2  102708
2  102796
1  102885
2  102943
2  103002
1  103061
1  103149
2  103238
1  103414
2  103590
1  103679
2  103767
2  103855
1  103943
2  104120
1  104296
2  104385
1  104473
1  104561
2  104649
2  104826
2  104914
1  105002
2  105179
1  105355
2  105443
2  105532
2  105620
1  105708
1  105885
1  105973
2  106061
2  106238
1  106414
2  106502
1  106590
1  106679
2  106767
2  106943
2  107032
1  107120
1  107296
1  107385
2  107473
2  107649
1  107738
2  107826
2  107914
1  108002
2  108179
1  108267
1  108355
2  108443
1  108532
2  108620
2  108708
2  108796
1  108885
2  109061
2  109238
1  109326
2  109414
2  109502
1  109590
2  109767
1  109943
2  110032
1  110120
1  110208
2  110296
2  110473
2  110561
1  110649
2  110826
1  111002
2  111090
2  111179
2  111267
1  111355
2  111532
2  111620
1  111708
2  111885
1  112061
2  112149
1  112238
1  112326
2  112414
2  112590
2  112767
1  112855
2  112943
2  113032
1  113120
1  113296
1  113385
2  113473
2  113649
2  113826
2  113914
1  114002
2  114179
2  114267
2  114355
2  114443
1  114532
2  114708
2  114885
1  114973
2  115061
2  115149
1  115238
2  115414
1  115590
2  115679
1  115767
1  115855
2  115943
2  116120
2  116208
1  116296
2  116473
1  116649
2  116738
2  116826
2  116914
1  117002
1  117179
1  117267
2  117355
2  117532
1  117708
2  117796
1  117885
1  117973
2  118061
2  118238
2  118326
1  118414
1  118590
1  118679
2  118767
2  118943
1  119032
2  119120
2  119208
1  119296
1  119473
1  119561
2  119649
2  119738
1  119826
2  119914
1  120002
1  120090
2  120179
1  120532
2  120885
1  121238
2  121590
2  121767
1  121943
1  122120
2  122296
2  122473
1  122649
1  122826
2  123002
1  123090
2  123179
2  123267
1  123355
1  123443
2  123532
2  123620
2  123708
1  123796
2  123885
1  123973
1  124061
2  124149
1  124238
1  124326
2  124414
2  125032
1  125120
2  125296
1  125473
2  125532
2  125590
1  125649
1  125738
2  125826
1  126002
2  126090
2  126267
1  126355
2  126443
1  126532
2  126708
1  126885
2  126973
1  127061
1  127149
2  127238
1  127326
1  127502
2  127590
2  127767
2  127855
1  127943
2  128032
1  128120
1  128208
2  128296
1  128473
1  128561
2  128649
2  128738
1  128826
1  129002
1  129179
1  129267
2  129355
1  129443
2  129532
2  129620
1  129708
1  129885
1  129973
2  130061
1  130149
1  130238
1  130414
1  130590
2  130679
1  130767
1  130855
2  130943
1  131032
2  131120
2  131208
1  131296
1  131385
2  131473
2  131649
1  131826
1  132002
1  132090
2  132179
2  132355
1  132532
1  132708
2  132885
2  133061
2  133149
1  133238
1  133414
1  133502
2  133590
1  133649
1  133708
2  133767
2  133855
1  133943
2  134120
1  134296
2  134385
2  134473
1  134561
2  134649
2  134738
1  134826
1  134914
2  135002
1  135090
1  135179
2  135267
1  135355
2  135443
1  135532
1  135620
2  135708
2  136061
1  136149
1  136238
1  136326
2  136414
2  136502
1  136590
2  136679
1  136767
2  136855
1  136943
1  137002
2  137061
