"Fallen.mp3" 1000
2  1591
2  1943
1  2120
1  2208
1  2296
2  2473
2  2649
1  2826
2  3002
1  3355
2  3532
2  3620
2  3708
2  3885
1  4061
1  4238
2  4414
2  4767
1  4943
1  5032
1  5120
2  5296
2  5473
1  5649
2  5826
1  6179
2  6355
2  6443
2  6532
2  6708
1  6885
1  6973
1  7061
2  7238
1  7767
1  7855
1  7943
2  8120
2  8296
1  8473
2  8649
1  9002
2  9179
2  9267
2  9355
2  9532
1  9708
1  9885
2  10061
2  10238
2  10326
2  10414
1  10590
2  10767
1  10943
1  11120
1  11208
1  11296
2  11473
1  12090
1  12179
2  12355
1  12532
2  12708
1  12885
2  13414
2  13502
2  13590
2  13767
1  13943
1  14120
2  14296
1  14649
2  14826
1  15002
1  15090
1  15179
1  15355
2  15532
2  15620
2  15708
1  16061
1  16238
1  16326
1  16414
2  16590
1  16767
2  16943
1  17120
1  17473
2  17649
2  17826
2  17914
2  18002
1  18179
1  18355
1  18443
1  18532
2  19061
2  19149
2  19238
2  19414
1  19590
1  19767
2  19943
2  20296
1  20473
1  20649
1  20738
1  20826
1  21002
2  21179
2  21267
2  21355
1  21708
1  21885
1  21973
1  22061
2  22238
1  22414
2  22590
1  22767
1  22943
2  23120
2  23296
2  23473
2  23561
2  23649
1  23826
1  23914
1  24002
2  24179
2  24708
1  24885
2  25061
1  25238
1  25326
2  25590
2  25855
2  25943
2  26120
1  26296
1  26473
1  26561
1  26826
2  27002
2  27090
2  27179
1  27355
2  27708
2  27796
2  27885
1  28061
1  28238
2  28414
2  28502
2  28590
1  28767
1  28943
2  29120
1  29296
1  29385
1  29473
1  29649
2  29826
2  30355
1  30532
2  30708
1  30885
1  30973
2  31238
2  31502
2  31590
2  31767
1  31943
1  32120
1  32208
1  32473
2  32649
1  32826
1  32914
1  33002
2  33355
1  33532
1  33708
2  33885
1  34061
1  34326
1  34414
2  34590
2  34679
2  34767
2  34943
1  35120
1  35208
1  35296
2  35473
1  36885
2  37590
2  38296
2  41120
1  42532
1  43238
2  43943
1  45355
2  46767
2  48179
1  49590
2  50296
1  51002
1  51708
2  52414
2  53826
1  55238
2  56649
2  57179
1  57355
2  58061
1  58414
2  58767
2  58943
1  59120
2  59473
1  59826
1  60002
2  60179
1  60355
2  60532
2  60885
1  61238
2  61590
2  61767
1  61943
2  62296
1  62649
1  62826
2  63002
2  63179
1  63355
1  63443
1  63532
2  63708
2  64414
2  64590
1  64767
2  65120
1  65473
1  65649
2  65826
2  66002
1  66179
2  66532
1  66885
2  67061
2  67238
2  67414
1  67590
2  67943
1  68296
2  68473
2  68561
2  68649
2  68826
1  69002
1  69090
1  69179
2  69355
2  69885
1  70061
2  70238
1  70414
2  70767
1  71120
2  71296
2  71473
2  71561
2  71649
1  71826
1  72002
1  72090
1  72179
2  72532
2  72708
1  72885
1  73149
2  73326
2  73414
1  73590
1  73855
2  74032
2  74120
1  74296
1  74649
1  74738
1  74826
2  75002
1  75443
1  75532
1  75708
2  75973
1  76238
2  76414
1  76590
1  76855
1  76943
1  77120
2  77385
1  77649
2  77826
2  77914
2  78002
2  78179
1  78355
1  78532
1  78620
1  78708
1  78885
2  79061
2  79238
2  79326
2  79414
2  79590
1  79767
1  79855
2  80296
1  80649
2  81179
1  81355
2  81532
1  81708
1  81885
1  81973
1  82061
2  82238
2  82414
2  82502
2  82590
1  82767
2  82943
1  83120
1  83296
1  83385
1  83473
2  83826
2  83914
2  84002
1  84179
1  84267
1  84443
2  84620
2  84708
1  84885
1  85149
2  85326
2  85414
1  85590
1  85679
1  85767
2  85943
1  86120
2  86296
1  86826
1  87002
2  87179
1  87355
1  87532
1  87620
1  87708
2  87885
2  88061
2  88149
2  88238
1  88414
2  88590
1  88767
1  88943
1  89032
1  89120
2  89473
2  89561
2  89649
1  89826
1  89914
1  90090
2  90267
2  90355
1  90532
1  90796
2  90973
2  91061
1  91238
1  91326
1  91414
2  91590
1  91767
2  91943
2  92473
1  92649
2  92826
2  92914
1  93090
1  93179
2  93355
1  93532
2  93708
2  93796
2  93885
1  94061
2  94238
2  94326
1  94502
1  94590
2  94767
2  95120
2  95296
1  95473
1  95649
1  95738
2  95914
2  96002
2  96179
1  96355
1  96443
2  96620
2  96708
2  96885
1  97149
1  97238
1  97414
2  97590
2  98120
1  98296
2  98473
2  98561
1  98738
1  98826
2  99002
1  99179
2  99355
2  99443
2  99532
1  99708
2  99885
2  99973
1  100149
1  100238
2  100414
2  100767
2  100943
1  101120
1  101296
1  101385
2  101561
2  101649
2  101826
1  102002
1  102090
2  102355
1  102532
2  102708
1  102885
1  102973
1  103061
2  103238
2  103767
1  103943
2  104120
1  104296
1  104385
1  104473
2  104649
1  105002
2  105179
1  105355
2  105532
1  105708
1  105885
1  105973
1  106061
2  106238
1  106414
2  106590
1  106767
1  107120
1  107296
1  107385
1  107473
2  107649
2  107826
1  108002
2  108179
1  108355
2  108532
2  108620
2  108708
1  108885
2  109414
1  109590
2  109767
1  109943
1  110032
1  110120
2  110296
1  110649
2  110826
2  111002
2  111090
2  111179
1  111355
1  111532
2  111708
1  111885
1  112061
2  112238
2  112326
2  112414
2  112590
1  112767
2  113120
2  113296
2  113473
1  113649
1  113826
1  113914
1  114002
2  114179
2  114267
2  114355
1  114532
2  115061
1  115238
2  115414
1  115590
1  115679
1  115767
2  115943
2  116296
2  116473
1  116649
2  116826
1  117002
1  117179
1  117267
1  117355
2  117532
1  117708
2  117885
1  118061
1  118414
1  118590
1  118679
1  118767
2  118943
2  119120
1  119296
2  119473
2  119649
1  119826
1  119914
1  120002
2  120179
1  120532
2  120885
1  121238
2  121590
1  121943
2  122296
1  122649
2  123002
2  123179
1  123355
1  123532
2  123708
2  123796
2  123885
1  124061
1  124149
1  124238
2  124414
1  125120
2  125296
1  125473
1  125561
1  125649
2  125826
2  126267
2  126355
1  126532
2  126708
1  126885
1  126973
2  127238
2  127502
2  127590
2  127767
1  127943
1  128120
1  128208
1  128473
2  128649
2  128738
2  128826
1  129002
2  129355
2  129443
2  129532
1  129708
1  129885
2  130061
2  130238
1  130414
1  130590
2  130767
2  130943
2  131032
1  131296
1  131385
1  131473
1  131826
1  132002
2  132179
2  132355
1  132532
1  132708
2  132885
1  133238
1  133414
2  133590
1  133855
1  133943
2  134120
2  134296
1  134561
1  134649
2  134826
2  135090
2  135179
1  135355
1  135443
1  135532
2  135708
2  136061
1  136238
2  136414
2  136502
2  136590
1  136767
1  136855
1  136943
1  137032
