"Flying Through A Starry Sky.mp3" 1000
1  12058
1  12254
2  12450
1  12842
1  13234
1  13430
2  13626
1  14018
2  14410
2  14999
1  15195
1  15391
2  15587
1  15783
2  15979
1  16371
2  16763
1  17156
1  17548
2  17940
1  18332
1  18724
2  19116
1  19508
1  19901
2  20293
1  20685
2  21077
1  21469
1  21665
2  21861
1  22254
1  22646
1  22842
2  23038
1  23430
2  23822
2  24410
1  24607
1  24803
2  24999
2  25195
1  25391
1  25783
2  26175
1  26567
1  26959
2  27352
2  27744
1  28136
1  28528
2  28734
2  28941
1  29148
1  29355
2  29562
2  29769
1  32672
1  32868
2  33064
1  33456
1  33848
1  34044
2  34240
1  34632
2  35024
2  35613
1  35809
1  36005
2  36201
1  36397
2  36593
1  36985
1  37377
2  37573
1  37770
1  38162
2  38554
1  38946
1  39338
2  39730
1  40122
1  40515
2  40907
1  41299
2  41691
2  41822
2  41953
1  42083
1  42279
2  42475
1  42868
1  43260
1  43456
2  43652
1  44044
2  44436
2  45024
1  45221
1  45417
2  45613
2  45809
1  46005
1  46397
2  46789
1  47181
1  47573
2  47966
2  48358
1  48750
1  49142
2  49348
2  49555
1  49762
1  49969
2  50176
2  50383
2  53286
1  53482
2  53678
1  53874
2  54070
2  54266
2  54462
1  54854
1  55442
1  55540
1  55638
2  55835
1  56031
1  56227
2  56423
1  56619
1  56717
1  56815
2  57011
1  57207
1  57403
2  57599
2  57991
2  58187
2  58286
2  58384
2  58580
1  58776
1  58972
2  59168
1  59560
2  60148
2  60246
2  60344
2  60540
2  60736
1  60933
2  61129
2  61521
1  61717
2  61913
1  62109
2  62305
2  62697
1  62893
2  63089
1  63286
2  63482
2  63678
2  63874
1  64266
1  64854
1  64952
1  65050
2  65246
1  65442
1  65638
2  65835
1  66031
1  66129
1  66227
2  66423
1  66619
1  66815
2  67011
1  67433
1  67644
2  67855
2  68278
1  68700
1  69545
1  69989
1  70211
2  70433
2  70877
1  71322
1  71766
2  72639
1  73014
1  73871
2  74299
2  75585
1  76014
1  76442
2  76871
1  77299
1  77728
2  78156
1  79014
2  79442
2  80728
1  81156
1  81585
1  82014
1  82442
1  82871
2  83299
1  84156
2  84585
2  85871
1  86299
1  86728
2  87156
1  87585
2  88014
2  88442
1  89299
2  89728
2  91014
1  91442
1  91871
1  92332
1  92840
2  93348
