"Flying Through A Starry Sky.mp3" 1500
1  12058
1  12254
2  12450
1  12842
1  13234
1  13430
2  13626
1  14018
2  14410
2  14999
1  15195
1  15587
1  15783
2  15979
1  16371
2  16763
1  17548
2  17940
1  18724
2  19116
1  19901
2  20293
2  21077
1  21469
1  21665
2  21861
1  22254
1  22646
1  22842
2  23038
1  23430
2  23822
2  24410
1  24607
2  24999
1  25391
1  25783
2  26175
1  26959
2  27352
1  28136
1  28528
2  28734
2  28941
1  29355
2  29562
2  29769
1  32672
1  32868
2  33064
1  33456
1  33848
1  34044
2  34240
1  34632
2  35024
2  35613
1  35809
1  36201
1  36397
2  36593
1  36985
1  37377
2  37573
1  37770
1  38162
2  38554
1  39338
2  39730
1  40515
2  40907
2  41691
2  41887
1  42083
1  42279
2  42475
1  42868
1  43260
1  43456
2  43652
1  44044
2  44436
2  45024
1  45221
2  45613
1  46005
1  46397
2  46789
1  47573
2  47966
1  48750
1  49142
2  49348
2  49555
1  49969
2  50176
2  50383
2  53286
1  53482
1  53678
2  54070
1  54266
2  54462
1  54854
1  55442
2  55638
1  56227
1  56619
2  56815
2  57599
2  57991
1  58187
2  58384
1  58776
2  59168
1  59560
1  60148
2  60344
2  61129
2  61521
1  61717
2  61913
1  62109
2  62305
2  62697
1  62893
1  63089
2  63482
1  63678
2  63874
1  64266
1  64854
2  65050
1  65638
1  66031
2  66227
1  67011
1  67433
1  67644
2  67855
2  68278
1  68700
1  69545
1  69989
1  70211
2  70433
2  70877
1  71322
1  71766
2  72639
1  73014
1  73871
2  74299
2  75585
1  76442
2  76871
1  77299
1  77728
2  78156
1  79014
2  79442
2  80728
1  81585
1  82014
1  82442
1  82871
2  83299
1  84156
2  84585
2  85871
1  86728
2  87156
1  87585
2  88014
2  88442
1  89299
2  89728
2  91014
1  92332
1  92840
2  93348
