"Flying Through A Starry Sky.mp3" 1000
1  12058
2  12450
1  13234
2  13626
2  14410
1  15195
1  15587
2  15979
2  16763
2  17940
2  19116
2  20293
1  20685
1  21469
2  21861
1  22646
2  23038
2  23822
1  24607
2  24999
1  25391
1  25783
2  26175
1  26959
2  27352
1  28528
2  28941
1  29355
2  29769
1  32672
2  33064
1  33848
2  34240
2  35024
1  35809
1  36201
2  36593
2  37377
1  37770
2  38554
2  39730
2  40907
1  41691
1  42083
2  42475
1  43260
2  43652
2  44436
1  45221
2  45613
1  46005
1  46397
2  46789
1  47573
2  47966
1  49142
2  49555
1  49969
2  50383
2  53286
1  53678
1  54070
2  54462
1  54854
1  55638
2  56031
2  56815
2  57599
2  57991
1  58384
2  58776
2  59168
1  59560
2  60344
2  61521
2  61913
2  62697
1  63089
1  63482
2  63874
1  64266
1  65050
2  65442
2  66227
1  67011
1  67433
2  68278
1  68700
1  69545
1  69989
2  70877
1  71322
1  71766
1  73014
2  74299
2  75585
2  76871
1  77299
1  77728
2  78156
2  79442
2  80728
1  82014
1  82442
1  82871
2  83299
2  84585
2  85871
2  87156
1  87585
2  88014
2  88442
2  89728
2  91014
1  92332
1  92840
2  93348
