Freedom_Dive.mp3 1000
1  2133
2  2268
2  2538
2  2808
2  3078
2  3348
2  3618
2  3753
2  3888
2  4023
1  4293
2  4428
2  4698
2  4968
2  5238
2  5373
2  5575
2  5778
2  5913
2  5980
2  6048
2  6115
2  6183
2  6318
1  6453
2  6655
2  6723
2  6858
2  7128
2  7263
2  7398
2  7668
2  7735
2  7803
2  7938
2  8208
2  8343
1  8613
2  8815
2  8883
2  9018
1  9153
2  9423
2  9558
1  9693
2  9828
2  9895
1  9963
2  10098
2  10165
1  10233
2  10300
1  10368
1  10435
2  10503
1  10570
2  10638
2  10705
1  10773
2  10908
1  11043
2  11313
2  11448
1  11583
2  11853
1  12123
2  12258
2  12528
1  12663
1  12933
2  13068
1  13203
2  13473
2  13608
1  13743
2  14013
1  14283
2  14553
1  14755
1  14958
1  15093
1  15363
2  15633
2  15768
1  15903
2  16038
2  16308
1  16443
2  16713
2  16780
2  16848
2  16915
1  16983
2  17118
1  17253
2  17388
1  17523
2  17793
1  18063
2  18198
1  18333
2  18400
2  18468
2  18535
1  18603
2  18738
1  18873
2  18940
1  19008
1  19075
2  19143
2  19210
1  19278
1  19413
1  19683
2  19818
2  20088
1  20223
2  20358
2  20628
1  20763
2  21033
2  21168
1  21303
1  21370
2  21438
1  21573
1  21843
2  21978
2  22248
1  22383
2  22518
1  22923
1  23193
1  23395
2  23598
1  23733
1  24003
2  24138
2  24205
2  24273
2  24408
1  24543
2  24678
2  24948
1  25083
2  25353
2  25488
1  25623
1  25758
2  25893
2  25960
2  26028
2  26095
1  26163
1  26230
1  26298
1  26365
2  26433
2  26568
1  26703
1  26770
1  26838
1  26905
2  26973
2  27040
2  27108
2  27175
1  27243
1  27378
2  27513
2  27580
2  27648
2  27715
1  27783
1  27850
1  27918
1  27985
2  28053
2  28255
2  28458
1  28593
1  28795
1  28998
2  29133
2  29335
2  29538
1  29673
1  29740
2  29808
2  29875
1  29943
2  30078
1  30213
1  30415
1  30618
2  30753
2  30955
2  31158
1  31293
2  31495
2  31698
1  31833
1  31900
2  31968
2  32035
1  32103
1  32238
2  32373
2  32575
2  32778
1  32913
2  33048
1  33183
1  33318
2  33453
2  33520
2  33588
2  33655
1  33723
1  33790
1  33858
1  33925
2  33993
2  34128
2  34263
2  34330
1  34398
1  34465
2  34533
2  34600
2  34668
2  34735
1  34803
1  34870
1  34938
1  35005
2  35073
2  35208
1  35343
2  35410
1  35478
2  35613
2  35680
2  35748
1  35815
1  36018
2  36153
2  36355
2  36558
2  36693
2  36828
1  36963
1  37098
1  37233
2  37300
1  37368
1  37503
1  37638
1  37773
2  37840
1  37908
1  37975
2  38043
2  38178
2  38313
2  38380
2  38448
2  38515
1  38583
1  38650
1  38718
1  38785
2  38853
2  38988
1  39123
1  39190
2  39258
2  39325
1  39393
1  39528
1  39663
1  39730
1  39798
1  39865
2  39933
2  40000
2  40068
2  40135
1  40203
1  40338
2  40473
2  40608
1  40743
2  40810
1  40878
2  41013
1  41080
2  41215
1  41283
1  41418
1  41553
2  41620
1  41755
2  41823
2  41958
1  42093
1  42228
2  42363
2  42430
2  42498
2  42565
1  42633
1  42835
1  43038
2  43173
2  43240
2  43308
2  43375
1  43443
1  43510
1  43578
1  43645
2  43713
2  43848
1  43983
1  44050
2  44118
1  44253
2  44523
1  44793
2  45063
2  45333
2  45468
1  45603
1  45738
2  45873
2  46008
1  46143
1  46278
2  46413
2  46480
2  46548
1  46683
1  46750
1  46818
2  46953
2  47020
2  47088
2  47155
1  47223
1  47290
1  47358
1  47425
2  47493
1  47628
1  47695
2  47763
1  47898
2  48033
2  48100
1  48168
1  48235
2  48303
1  48438
2  48573
1  48708
2  48843
2  48910
1  48978
2  49113
2  49180
1  49248
1  49315
2  49383
1  49518
2  49653
1  49788
1  49855
2  49923
2  50058
2  50125
1  50193
1  50328
2  50463
1  50598
1  50733
1  50800
1  50868
1  50935
2  51003
2  51070
2  51138
2  51205
1  51273
1  51340
2  51408
1  51475
2  51543
2  51678
2  51813
1  51948
1  52015
2  52083
1  52218
2  52353
2  52421
1  52488
1  52623
1  52691
1  52758
1  52826
2  52893
1  53163
1  53231
1  53298
1  53366
2  53433
2  53501
1  53568
1  53636
2  53703
2  53838
2  53973
1  54108
2  54243
1  54378
2  54513
2  54581
1  54648
2  54783
1  54918
2  55053
2  55121
2  55188
2  55256
1  55323
2  55458
2  55526
1  55593
2  55728
1  55863
1  56133
1  56201
1  56268
1  56336
2  56403
1  56538
2  56673
2  56741
1  56808
1  56876
2  56943
1  57078
2  57213
1  57348
1  57416
2  57483
1  57618
2  57753
2  57821
1  57888
2  58023
2  58091
2  58158
2  58226
1  58293
2  58563
1  58698
1  58766
2  58833
2  58901
1  58968
2  59103
2  59238
1  59373
1  59441
1  59508
1  59576
2  59643
2  59711
2  59778
2  59846
1  59913
1  60048
2  60183
2  60251
1  60318
2  60453
1  60588
2  60723
2  60791
2  60858
2  60926
1  60993
2  61128
2  61263
1  61398
2  61533
1  61668
2  61803
2  61871
2  61938
2  62006
1  62073
1  62141
1  62208
1  62276
2  62343
2  62613
2  62748
1  62883
1  63018
1  63153
2  63288
2  63423
2  63558
1  63693
2  63828
1  63963
1  64098
1  64233
2  64368
2  64503
2  64638
2  64773
1  64841
2  64976
1  65043
1  65178
1  65313
2  65381
1  65516
2  65583
1  65718
2  65853
2  65921
1  66056
2  66123
1  66258
2  66393
2  66461
2  66528
2  66663
2  66798
1  66933
2  67136
1  67203
1  67338
2  67473
2  67541
1  67608
2  67743
1  67878
2  68013
2  68081
2  68216
1  68283
1  68418
2  68553
1  68688
1  68823
1  68958
1  69093
1  69161
1  69228
1  69296
1  69363
1  69431
2  69498
1  69633
2  69768
1  69903
2  70038
1  70173
1  70241
1  70308
1  70376
2  70443
2  70511
2  70578
2  70646
1  70713
1  70848
2  70983
2  71118
1  71253
1  71321
2  71388
2  71523
2  71658
1  71793
2  71928
1  72063
2  72131
1  72198
2  72333
2  72468
1  72603
2  72873
2  73143
2  73413
2  73481
1  73548
1  73616
2  73683
2  73751
1  73818
2  73953
1  74088
1  74156
2  74223
1  74358
2  74493
1  74561
2  74628
2  74696
1  74763
1  74898
2  75033
2  75101
2  75168
2  75236
2  75303
2  75371
1  75438
2  75573
2  75708
1  75843
2  75978
1  76113
1  76248
2  76383
2  76451
1  76518
2  76653
2  76721
2  76788
2  76856
1  76923
1  76991
1  77058
1  77126
2  77193
2  77328
1  77463
1  77531
2  77598
2  77666
1  77733
1  77936
1  78138
2  78273
2  78476
1  78678
1  78746
2  78813
2  78948
2  79083
1  79151
2  79218
1  79353
1  79421
1  79488
2  79556
2  79623
2  79691
1  79758
2  79893
1  79961
2  80096
1  80163
1  80298
1  80433
2  80501
1  80636
2  80703
2  80838
1  80973
1  81243
2  81513
2  81783
2  82053
2  82323
2  82458
1  82593
2  82728
1  82863
1  82998
2  83133
2  83403
1  83538
2  83673
1  83808
1  83943
2  84078
2  84213
2  84348
1  84483
2  84618
2  84753
1  84888
2  85023
1  85158
1  85293
2  85428
1  85563
1  85698
1  85833
2  85968
2  86103
1  86238
2  86373
2  86643
2  86778
1  86913
2  87048
1  87183
2  87318
1  87453
1  87588
2  87723
1  87858
1  87993
2  88128
1  88263
2  88398
2  88533
2  88668
2  88803
1  88938
2  89073
1  89208
1  89343
2  89478
1  89613
2  89748
2  89883
1  90018
2  90153
2  90423
2  90693
2  90828
2  91098
2  91368
2  91638
1  91773
2  91908
2  92178
2  92448
2  92718
1  92853
2  92988
2  93258
2  93528
2  93663
2  93798
1  93933
2  94068
2  94338
2  94608
1  94743
2  94878
1  95013
2  95148
2  95418
2  95688
1  95823
2  95958
1  96093
2  96228
2  96498
1  96633
1  96768
2  96903
2  97038
1  97173
2  97308
2  97578
1  97713
2  97848
1  97983
1  98118
2  98253
2  98523
2  98793
2  99063
1  99333
2  99603
2  99738
2  99873
2  100143
1  100413
2  100683
2  100953
2  101088
2  101223
2  101358
1  101493
2  101763
2  101898
2  102033
2  102169
2  102236
2  102304
1  102574
2  102709
2  102776
2  102844
2  102979
2  103114
2  103181
2  103249
2  103316
2  103384
1  103654
2  103789
2  103856
2  103924
2  104059
2  104194
2  104329
2  104464
1  104734
2  104869
2  104936
2  105004
2  105139
2  105274
2  105409
2  105476
2  105544
2  105679
1  105814
2  105949
2  106016
2  106084
2  106219
2  106286
1  106354
2  106489
2  106556
2  106624
2  106759
2  106826
1  106894
2  107164
2  107231
1  107299
1  107366
2  107434
2  107501
1  107569
1  107636
2  107704
2  107839
1  107974
1  108041
1  108109
1  108176
2  108244
2  108311
2  108379
2  108446
1  108514
1  108581
1  108649
1  108716
2  108784
2  108851
2  108919
2  108986
1  109054
1  109121
1  109189
1  109256
2  109324
2  109391
2  109459
2  109526
1  109594
2  109729
1  109864
1  109931
2  109999
1  110134
1  110201
1  110269
1  110336
2  110404
2  110471
2  110539
2  110606
1  110674
1  110741
1  110809
1  110876
2  110944
2  111011
2  111079
2  111146
1  111214
1  111281
1  111349
1  111416
2  111484
2  111619
1  111754
1  111821
2  111889
2  111956
1  112024
1  112159
1  112294
1  112361
1  112429
1  112496
2  112564
2  112631
2  112699
2  112766
1  112834
1  112901
2  112969
2  113036
1  113104
1  113239
1  113374
1  113441
1  113509
1  113576
2  113644
2  113711
2  113779
2  113914
2  114049
1  114184
2  114251
1  114319
2  114454
2  114521
2  114589
2  114656
1  114724
1  114791
1  114859
1  114926
2  114994
2  115129
1  115264
2  115331
1  115399
2  115534
2  115601
2  115669
2  115736
1  115804
2  115871
2  115939
2  116006
1  116074
2  116141
2  116209
2  116276
1  116344
1  116479
2  116614
2  116681
2  116749
2  116816
1  116884
1  116951
1  117019
1  117086
2  117154
2  117221
2  117289
2  117356
1  117424
1  117559
1  117694
1  117784
1  117874
2  117964
1  118099
2  118234
2  118301
2  118369
2  118436
2  118504
1  118639
2  118774
2  118841
2  118909
2  118976
1  119044
1  119111
1  119179
1  119246
2  119314
2  119381
2  119449
2  119516
1  119584
1  119651
1  119719
2  119854
1  119921
2  119989
1  120124
2  120191
1  120259
2  120394
1  120461
2  120529
1  120664
2  120731
1  120799
1  120934
1  121001
1  121069
1  121136
2  121204
2  121271
2  121339
2  121406
1  121474
1  121541
1  121609
1  121676
2  121744
2  121879
1  122014
1  122081
1  122149
1  122216
2  122284
2  122351
2  122419
2  122486
1  122554
1  122621
2  122689
1  122756
2  122824
2  122959
2  123094
2  123161
2  123229
2  123296
1  123364
1  123431
1  123499
1  123566
2  123634
2  123701
2  123769
2  123836
1  123904
1  123971
2  124039
1  124174
1  124444
1  124714
1  124984
1  125254
1  125321
1  125389
1  125456
2  125524
2  125591
2  125659
2  125726
1  125794
1  125861
1  125929
1  125996
2  126064
2  126131
2  126199
2  126266
1  126334
2  126469
1  126604
2  126671
1  126739
2  126874
1  126941
2  127009
1  127076
2  127144
2  127279
1  127414
1  127481
1  127549
1  127616
2  127684
2  127751
2  127819
2  127886
1  127954
1  128021
1  128089
1  128156
2  128224
2  128291
2  128359
2  128426
1  128494
2  128629
2  128696
1  128764
2  128899
1  129034
2  129101
1  129169
2  129236
1  129304
1  129439
1  129574
1  129641
1  129709
1  129776
2  129844
2  129911
2  129979
2  130046
1  130114
1  130181
2  130249
2  130316
1  130384
1  130519
1  130654
1  130721
2  130789
2  130856
1  130924
1  130991
2  131059
2  131126
1  131194
1  131329
2  131464
2  131599
1  131734
2  131801
1  131869
2  132004
1  132071
2  132139
1  132274
1  132341
2  132409
2  132476
1  132544
1  132679
2  132814
2  132881
2  132949
1  133084
2  133151
2  133219
2  133286
1  133354
2  133421
2  133489
2  133556
1  133624
1  133759
1  133894
1  133961
1  134029
1  134096
2  134164
2  134231
2  134299
2  134366
1  134434
1  134501
1  134569
1  134636
2  134704
2  134839
2  134974
1  135064
2  135154
1  135244
1  135379
2  135514
2  135581
2  135649
2  135716
1  135784
1  135851
1  135919
1  135986
2  136054
2  136189
1  136324
2  136391
1  136459
1  136594
2  136661
1  136729
2  136864
2  136999
1  137134
1  137201
1  137269
1  137336
2  137404
2  137471
2  137539
2  137606
1  137674
1  137741
1  137809
1  137876
2  137944
2  138011
2  138079
2  138146
1  138214
1  138281
2  138349
2  138416
1  138484
1  138619
2  138754
2  138821
1  138889
1  138956
2  139024
2  139159
1  139294
1  139361
1  139429
1  139496
2  139564
2  139631
2  139699
2  139766
1  139834
2  139969
2  140036
1  140104
1  140239
1  140374
1  140441
1  140509
1  140576
2  140644
2  140779
2  140914
2  140981
2  141049
2  141116
1  141184
1  141319
1  141454
1  141724
1  141994
1  142264
2  142534
2  142601
2  142669
2  142736
1  142804
1  142871
1  142939
1  143006
2  143074
2  143141
2  143209
2  143276
1  143344
1  143479
2  143614
2  143681
2  143749
2  143816
1  143884
1  143951
1  144019
1  144086
2  144154
2  144289
1  144424
1  144491
1  144559
1  144626
2  144694
2  144761
2  144829
2  144896
1  144964
1  145099
2  145234
2  145301
2  145369
2  145436
1  145504
1  145639
2  145774
2  145841
1  145909
1  145976
2  146044
2  146111
1  146179
1  146246
2  146314
1  146381
2  146449
2  146516
1  146584
1  146651
2  146719
1  146854
1  149284
1  149824
2  149959
1  150364
1  150634
1  150836
1  151039
1  151174
1  151444
1  151984
2  152119
2  152389
2  152524
1  152659
2  152794
2  152929
1  153064
1  153334
2  153874
2  154144
1  154414
1  154684
1  154954
1  155089
1  155224
1  155292
2  155359
2  155427
1  155494
2  155629
1  155764
1  155832
2  155899
2  156169
1  156304
1  156372
2  156439
2  156709
1  156844
1  156912
2  156979
2  157249
1  157384
1  157452
2  157519
2  157587
1  157654
2  157789
1  157924
1  157992
2  158059
2  158329
1  158464
1  158532
2  158599
2  158869
1  159004
1  159274
1  159477
1  159679
1  159814
1  160084
1  160152
2  160219
2  160489
1  160624
2  160759
2  161029
1  161164
1  161299
2  161434
2  161569
1  161704
1  161772
1  161839
1  161907
2  161974
2  162109
2  162244
2  162379
1  162514
2  162649
2  162784
2  162919
1  163054
2  163189
1  163324
2  163459
1  163594
2  163729
1  163864
2  163932
2  163999
2  164067
1  164134
2  164404
2  164539
2  164607
1  164674
1  164742
2  164809
2  164877
1  164944
1  165012
1  165079
1  165147
2  165214
1  165484
1  165687
2  165889
1  166092
2  166294
1  166564
2  166632
2  166699
2  166767
1  166834
2  166902
1  166969
2  167037
1  167104
1  167239
1  167307
1  167374
1  167509
1  167644
2  167914
1  168184
2  168454
2  168522
2  168589
2  168657
2  168724
2  168859
2  168927
2  168994
2  169062
2  169129
2  169264
2  169332
1  169399
1  169467
2  169534
2  169602
1  169669
1  169737
2  169804
2  169872
1  169939
1  170007
2  170074
1  170142
1  170209
1  170277
2  170344
1  170479
1  170614
1  170682
2  170749
2  170817
1  170884
2  171019
1  171154
1  171222
2  171289
2  171357
1  171424
1  171559
2  171694
2  171762
2  171829
1  171964
1  172167
1  172369
1  172504
2  172774
2  172842
2  172909
2  172977
1  173044
2  173179
2  173247
1  173314
2  173382
1  173449
1  173517
2  173584
2  173719
2  173989
1  174124
1  174192
2  174259
2  174394
2  174462
2  174529
2  174597
1  174664
1  174732
2  174799
2  174934
2  175069
1  175204
1  175272
2  175339
2  175474
2  175542
1  175609
2  175677
1  175744
1  175812
2  175879
2  176149
2  176217
1  176284
1  176352
2  176419
2  176487
1  176554
2  176622
1  176689
1  176824
1  176892
1  176959
1  177027
2  177094
2  177162
1  177229
1  177297
1  177364
1  177499
1  177634
1  177769
1  177837
1  177904
1  178039
1  178309
2  178377
1  178444
1  178714
2  178849
2  178917
1  178984
1  179052
2  179119
2  179254
2  179322
2  179389
2  179457
1  179524
1  179659
2  179794
2  179862
2  179929
2  179997
1  180064
1  180132
2  180199
1  180334
2  180604
1  180874
2  180942
2  181009
2  181077
1  181144
1  181212
2  181279
1  181414
2  181549
2  181617
1  181684
1  181752
1  181819
1  181887
2  181954
2  182022
1  182089
2  182157
1  182224
1  182359
2  182494
2  182562
2  182629
1  182697
1  182764
2  182899
2  182967
1  183034
1  183169
1  183304
1  183372
1  183439
1  183507
2  183574
2  183642
2  183709
1  183777
1  183844
1  183912
1  183979
2  184047
2  184114
1  184249
2  184384
1  184519
2  184654
2  184789
2  184857
1  184924
2  185059
2  185127
1  185194
1  185262
2  185329
1  185464
1  185599
2  185734
2  185802
2  185869
2  185937
1  186004
2  186207
1  186274
2  186477
1  186679
1  186814
1  187017
1  187219
1  187489
1  187624
1  187692
2  187759
2  187827
1  187894
1  187962
2  188029
2  188097
1  188164
1  188232
2  188299
2  188367
1  188434
1  188502
2  188569
2  188637
2  188704
2  188772
1  188839
1  188907
2  188974
2  189109
1  189244
2  189379
2  189447
2  189514
2  189582
2  189649
1  189784
2  189919
2  189987
2  190054
2  190189
2  190257
1  190324
1  190392
2  190459
1  190594
1  190662
2  190729
2  190797
1  190864
1  190932
1  190999
1  191134
1  191202
2  191269
2  191337
1  191404
1  191472
2  191539
2  191607
1  191674
1  191742
2  191809
2  191877
1  191944
1  192079
1  192147
2  192214
1  192349
2  192484
1  192754
1  192957
1  193294
1  193362
2  193429
2  193497
1  193564
1  193632
1  193699
1  193767
2  193834
2  193902
1  193969
1  194037
2  194104
2  194172
1  194239
2  194374
2  194509
1  194644
2  194779
2  195049
2  195319
2  195387
1  195454
2  195589
2  195859
2  195927
1  195994
2  196062
2  196129
2  196197
1  196264
1  196332
1  196399
2  196467
1  196534
2  196669
2  196804
2  196939
1  197074
2  197209
2  197277
2  197344
2  197479
1  197614
2  197749
2  197884
2  197952
2  198019
1  198154
2  198289
2  198424
2  198492
2  198559
2  198627
1  198694
2  198829
2  198897
2  198964
2  199099
2  199167
1  199234
2  199369
2  199437
2  199504
2  199572
2  199639
2  199707
1  199774
2  199909
2  199977
1  200044
1  200112
2  200179
2  200247
1  200314
2  200449
2  200584
2  200652
2  200719
1  200854
1  200922
1  200989
1  201057
2  201124
1  201259
2  201394
2  201462
2  201529
2  201597
1  201664
2  201799
1  201934
1  202002
1  202069
1  202137
2  202205
2  202340
1  202475
1  202542
2  202610
2  202677
1  202745
1  202880
1  203015
1  203082
1  203150
1  203217
2  203285
1  203420
2  203555
2  203622
2  203690
2  203757
1  203825
1  203960
2  204095
2  204297
2  204500
2  204567
1  204635
2  204770
1  204905
1  204972
2  205040
2  205107
1  205175
1  205310
1  205377
1  205445
1  205580
2  205715
2  205782
1  205850
1  205917
2  205985
2  206120
1  206255
1  206322
1  206390
1  206457
2  206525
2  206592
2  206660
2  206727
1  206795
1  206930
2  207065
2  207132
1  207200
1  207267
2  207335
2  207470
2  207605
2  207672
1  207740
1  207807
2  207875
2  208010
1  208145
2  208212
1  208280
1  208415
1  208617
1  208820
2  208955
2  209158
2  209360
2  209495
2  209765
1  210035
1  210305
1  210575
2  210642
1  210710
1  210777
2  210845
2  210980
1  211115
1  211182
1  211317
1  211385
1  211520
2  211655
2  211925
1  212195
1  212330
1  212735
1  212870
2  213005
2  213140
2  213275
2  213410
1  213545
1  213680
2  213815
2  214760
2  214895
2  215435
1  215637
1  215840
2  215975
2  216515
2  216785
2  216920
1  217055
1  217325
2  217595
2  217865
2  217932
2  218000
2  218067
1  218135
1  218337
2  218540
2  218607
1  218675
1  218877
1  219080
1  219147
2  219215
2  219417
2  219620
2  219687
1  219755
2  219890
1  220025
2  220160
1  220295
1  220497
2  220700
2  220767
1  220835
1  221037
1  221240
1  221307
2  221375
2  221510
1  221645
2  221780
1  221915
1  221982
2  222050
2  222117
1  222185
2  222320
1  222455
1  222657
1  222860
1  222995
2  223130
1  223265
2  223400
2  223467
1  223535
1  223602
2  223670
2  223737
1  223805
1  223940
2  224075
2  224142
1  224210
2  224345
2  224480
1  224615
2  224682
1  224750
2  224885
1  224952
2  225020
2  225155
2  225290
1  225425
2  225492
1  225560
2  225695
2  225897
1  225965
2  226235
2  226437
1  226505
2  226640
1  226775
1  226842
1  226910
1  226977
2  227045
2  227112
2  227180
2  227247
1  227315
2  227450
1  227585
2  227652
1  227720
1  227855
2  227945
1  228035
2  228125
2  228260
2  228395
1  228462
2  228597
1  228665
1  228800
1  228867
2  228935
2  229070
1  229205
1  229272
2  229340
2  229407
1  229475
2  229610
1  229745
2  229812
1  229880
1  230015
1  230082
1  230150
1  230217
2  230285
1  230420
2  230555
2  230622
2  230690
2  230757
1  230825
2  230960
1  231095
2  231162
1  231297
2  231365
2  231500
1  231635
2  231702
1  231837
2  231905
2  232040
1  232175
1  232242
1  232310
1  232377
2  232445
2  232580
2  232715
1  232782
1  232917
1  232985
2  233120
1  233255
1  233322
1  233457
1  233525
1  233660
2  233795
2  233862
2  233997
1  234065
2  234200
1  234335
1  234605
2  234875
2  235145
1  235415
1  235482
1  235550
1  235617
2  235685
2  235752
2  235820
2  235887
1  235955
1  236022
2  236090
2  236157
1  236225
1  236360
2  236495
2  236562
2  236630
2  236697
1  236765
1  236832
1  236900
1  236967
2  237035
2  237102
1  237170
1  237237
2  237305
2  237440
1  237575
1  237642
1  237710
1  237777
2  237845
2  237912
2  237980
2  238047
1  238115
1  238182
2  238250
2  238317
1  238385
1  238520
2  238655
2  238722
2  238790
2  238857
1  238925
1  238992
1  239060
1  239127
2  239195
2  239262
1  239330
1  239397
2  239465
2  239532
1  239600
1  239735
1  239870
1  239937
1  240005
1  240140
1  240275
1  240342
2  240410
2  240477
1  240545
1  240680
2  240815
2  240882
1  240950
1  241017
2  241085
2  241152
1  241220
1  241287
2  241355
2  241490
1  241625
2  241692
1  241760
1  241895
1  242030
2  242165
2  242232
1  242300
1  242367
2  242435
2  242502
2  242570
2  242637
1  242705
1  242772
1  242840
1  242907
2  242975
2  243177
1  243380
2  243515
2  243717
1  243920
2  244055
2  244122
2  244190
2  244257
1  244325
1  244392
1  244460
1  244527
2  244595
2  244662
2  244730
2  244797
1  244865
1  244932
2  245000
1  245135
2  245225
1  245315
2  245405
2  245540
2  245675
2  245742
2  245810
2  245877
1  245945
1  246080
2  246215
2  246282
1  246350
1  246417
2  246485
2  246620
1  246755
2  246822
1  246890
1  247025
2  247160
1  247295
2  247362
1  247430
2  247497
1  247565
1  247700
2  247835
1  247902
2  247970
1  248037
2  248105
2  248240
1  248375
2  248442
1  248577
2  248645
1  248780
2  248915
1  248982
2  249117
1  249185
2  249320
1  249455
1  249522
1  249590
1  249657
2  249725
2  249860
1  249995
1  250062
2  250130
2  250197
1  250265
1  250400
1  250535
2  250602
1  250737
2  250805
1  250940
2  251075
2  251277
1  251345
2  251480
1  251615
2  251885
1  252155
1  252425
2  252695
2  252763
2  252830
2  252898
1  252965
1  253033
1  253100
1  253168
2  253235
2  253370
1  253505
1  253573
2  253640
1  253775
1  253843
1  253910
1  253978
2  254045
2  254180
1  254315
1  254383
1  254450
1  254518
2  254585
2  254720
1  254855
1  254923
2  254990
2  255058
1  255125
1  255193
2  255260
2  255328
1  255395
1  255463
2  255530
1  255665
1  255800
2  255935
2  256003
1  256070
1  256138
2  256205
2  256273
1  256340
1  256408
2  256475
1  256543
2  256610
1  256678
2  256745
1  256813
2  256880
1  257015
