Highscore.mp3 1000
2  1388
1  4933
2  5070
1  9297
2  11479
1  13660
2  15842
1  17479
2  18024
1  20206
2  22388
1  24570
2  26751
1  27297
1  27842
2  28388
1  28933
1  29479
2  29615
1  29751
2  30024
2  30297
1  30570
1  30842
2  31115
1  31660
1  31797
2  31933
1  32206
1  32479
2  32751
2  33024
1  33297
1  33842
2  33979
1  34115
1  34388
2  34660
1  34933
2  35206
2  35479
1  36160
1  36297
2  36433
1  36570
1  37115
2  37660
1  38342
2  38479
1  38615
1  38751
1  39297
2  39842
1  40524
1  40660
1  40797
1  40933
1  41479
2  42024
1  42706
2  42842
2  42979
1  43115
1  43660
1  43933
1  44070
2  44206
1  44751
2  44888
1  45024
1  45297
1  45433
2  45570
2  45707
1  45843
2  46115
1  46251
2  46388
1  46933
2  47070
2  47206
2  47342
1  47479
2  47751
2  47888
1  48024
2  48297
2  48433
1  48570
1  49115
2  49251
1  49388
1  49660
1  49797
1  49933
2  50206
2  50342
2  50479
2  50615
1  50751
1  51297
1  51433
2  51570
1  51842
2  51979
2  52115
2  52251
1  52388
2  52660
1  52797
2  52933
1  53479
2  53615
1  53751
2  54024
1  54160
1  54297
2  54570
1  54706
2  54842
2  54979
1  55115
1  55660
2  55797
1  55933
1  56206
1  56342
2  56479
2  56615
1  56751
2  57024
2  57160
1  57297
1  57842
2  57979
1  58115
1  58388
1  58524
2  58660
1  58797
2  58933
1  59206
2  59342
1  59479
2  60024
1  60160
1  60297
2  60433
1  60570
2  61115
2  61251
2  61388
2  61524
1  61660
1  62206
2  62342
1  62479
1  62615
1  62888
1  63024
2  63160
1  63297
1  63570
2  63706
1  63842
1  64388
1  64524
2  64660
1  64797
1  65070
2  65206
1  65342
1  65479
2  65751
1  65888
1  66024
1  66570
2  66706
1  66842
1  66979
2  67251
2  67388
1  67524
2  67660
2  67933
2  68070
1  68206
2  68751
1  69297
2  69570
1  69842
2  70115
2  70251
1  70388
1  70933
2  71070
1  71206
2  71342
1  71479
1  71615
2  72024
1  72160
2  72297
1  72433
1  72570
1  73115
1  73388
2  73524
1  73660
1  73797
2  74206
2  74342
1  74479
2  74615
1  74751
1  75297
1  75570
2  75706
1  75842
1  75979
1  76388
2  76524
1  76660
2  76797
1  76933
2  77479
1  78024
2  78570
2  78842
2  78979
1  79115
1  79660
2  79933
1  80070
2  80342
1  80479
2  80751
1  80888
2  81024
1  81297
1  81842
2  82115
1  82251
1  82524
1  82660
2  82933
1  83070
1  83479
1  84024
1  84297
2  84433
1  84706
1  84842
2  85115
1  85251
1  85660
2  86206
1  86751
2  87024
1  87297
1  87842
1  88388
2  88660
1  88797
2  88933
1  89206
2  89479
1  89615
1  90024
1  90570
1  90842
2  90979
2  91251
1  91388
2  91660
1  91797
1  91933
2  92070
1  92206
1  92751
1  93024
2  93160
2  93433
1  93570
1  93842
1  93979
2  94115
1  94251
1  94388
2  94933
1  95479
1  95751
2  96024
2  96297
1  96570
2  97115
1  97660
2  97933
1  98206
1  98751
2  99024
1  99297
1  99570
2  99842
2  99979
1  100115
1  100251
2  100388
2  100660
2  100797
1  100933
2  101479
1  102024
2  102297
1  102570
1  103115
2  103388
1  103660
1  103933
2  104206
2  104342
2  104479
2  104615
1  104751
1  105024
2  105160
1  105297
2  105842
1  106388
2  106660
1  106933
1  107479
2  107751
1  108024
1  108297
2  108570
2  108706
1  108842
2  108979
1  109115
2  109388
2  109524
1  109660
1  110206
2  110751
1  111024
2  111297
2  111842
1  112115
1  112388
2  112660
1  112933
1  113070
2  113206
1  113342
2  113479
1  113615
1  113751
2  113888
1  114024
2  114297
1  114433
2  114570
2  114706
1  114842
2  114979
1  115115
1  115251
2  115388
2  115524
1  115660
2  115933
2  116070
1  116206
2  116342
1  116479
1  116615
2  116751
1  117024
1  117160
2  117297
1  117570
1  117706
2  117842
1  118115
2  118251
1  118388
1  118660
2  118797
1  118933
1  119070
2  119206
2  119479
1  119615
1  119751
2  119888
1  120024
2  120160
1  120297
1  120570
2  120706
1  120842
2  120979
1  121115
1  121251
2  121388
1  121524
2  121660
2  121933
2  122070
1  122206
1  122342
2  122479
2  122615
1  122751
2  123297
1  123433
2  123570
2  123706
1  123842
2  124115
1  124388
1  124933
1  125479
2  125615
1  125751
1  125888
2  126024
2  126297
2  126433
1  126570
1  127115
1  127660
2  127797
1  127933
1  128070
2  128206
2  128479
2  128615
1  128751
1  129024
2  129297
2  129842
2  130388
2  130933
2  131479
2  131751
1  132024
1  132297
2  132570
1  132842
2  132979
1  133115
1  133251
2  133388
2  133524
1  133660
1  134206
2  134342
1  134479
1  134751
1  134888
2  135024
1  135160
2  135297
2  135433
1  135570
2  135706
1  135842
1  136388
1  136524
2  136660
1  136933
2  137070
1  137206
1  137342
2  137479
1  137615
2  137751
2  137888
1  138024
1  138570
2  138706
1  138842
1  139115
1  139251
2  139388
1  139524
1  139660
2  139797
1  139933
2  140070
1  140206
1  140751
1  140888
2  141024
1  141297
1  141433
2  141570
2  141706
1  141842
2  141979
1  142115
2  142251
1  142388
1  142933
2  143070
2  143206
1  143479
1  143615
1  143751
1  143888
2  144024
2  144160
1  144297
2  144433
1  144570
1  145115
2  145251
1  145388
1  145660
2  145797
2  145933
1  146070
1  146206
2  146342
1  146479
2  146615
1  146751
1  147297
1  147433
2  147570
1  147842
1  147979
2  148115
1  148251
2  148388
1  148524
1  148660
2  148797
1  148933
1  149479
1  149615
2  149751
1  149888
2  150024
2  151115
2  151388
1  151660
1  151933
2  152070
2  152342
2  152479
2  152615
1  152751
1  153024
2  153160
2  153297
1  153570
1  153706
2  153842
1  153979
1  154115
2  154251
1  154388
2  154660
2  154797
1  154933
2  155479
2  155751
1  156024
1  156297
2  156433
2  156706
2  156842
2  156979
1  157115
1  157388
2  157524
2  157660
1  157933
1  158070
2  158206
1  158342
2  158479
2  158615
1  158751
1  159024
1  159160
2  159297
2  159842
2  160115
1  160388
1  160660
2  160797
2  161070
2  161206
2  161342
1  161479
1  161751
2  161888
2  162024
1  162297
2  162433
1  162570
1  162706
2  162842
1  163115
1  163388
1  163524
2  163660
2  164206
2  164479
1  164751
1  165024
2  165160
2  165433
2  165570
1  165706
1  165842
1  166115
2  166251
2  166388
1  166660
1  166797
2  166933
1  167070
1  167206
2  167342
1  167479
1  167751
1  167888
2  168024
1  168570
2  168842
1  169115
1  169388
2  169524
2  169797
2  169933
1  170070
1  170342
2  170479
2  170751
1  171024
1  171160
2  171297
1  171433
1  171570
2  171706
1  171842
2  172115
1  172251
1  172388
2  172933
2  173206
1  173479
1  173751
2  173888
2  174160
2  174297
1  174433
1  174706
2  174842
2  175115
1  175388
1  175524
2  175660
2  175797
1  175933
2  176070
1  176206
1  176479
1  176615
2  176751
2  177297
2  177570
1  177842
1  178115
2  178251
2  178524
2  178660
1  178797
2  179070
1  179206
2  179479
1  179751
1  179888
2  180024
1  180160
2  180297
2  180433
1  180570
1  180842
1  180979
2  181115
2  181660
2  181933
1  182206
1  182479
2  182615
2  182888
1  183024
1  183160
1  183433
2  183570
2  183842
1  184115
1  184251
2  184388
2  184524
1  184660
2  184797
1  184933
1  185206
1  185342
2  185479
1  185615
2  185751
2  185888
1  186024
2  186297
1  186570
2  186706
1  186979
2  187115
2  187660
2  187933
1  188206
1  188479
2  188615
2  188888
1  189024
1  189160
2  189297
2  189842
2  190115
1  190388
2  190660
1  190797
1  191070
1  191206
2  191342
1  191479
2  192024
2  192297
1  192570
1  192842
2  192979
1  193251
1  193388
2  193524
1  193660
1  194206
1  194751
1  195024
2  195160
2  195433
1  195570
1  195706
2  195842
2  196388
2  196660
1  196933
1  197206
2  197342
1  197615
2  197751
1  197888
1  198024
2  198570
2  198842
1  199115
1  199388
2  199524
2  199797
1  199933
2  200070
2  200206
2  200751
2  201024
1  201297
1  201570
2  201706
1  201979
1  202115
2  202251
1  202388
1  202933
2  203479
2  204024
1  205660
1  206206
2  206342
1  206479
2  206751
1  206888
1  207024
1  207160
2  207297
1  207433
1  207570
1  207706
2  207842
1  208388
1  208524
2  208660
2  208933
2  209070
1  209206
1  209342
2  209479
1  209615
1  209751
2  209888
1  210024
1  210570
1  210706
2  210842
1  211115
2  211251
1  211388
1  211524
2  211660
2  211797
1  211933
1  212070
2  212206
1  212751
1  212888
2  213024
1  213297
2  213433
1  213570
2  213706
1  213842
1  213979
2  214115
2  214251
1  214388
1  214933
2  215206
2  215342
1  215479
2  215751
2  215888
1  216024
1  216160
2  216297
1  216570
1  217115
2  217251
1  217388
2  217660
1  217797
1  217933
1  218070
2  218206
1  218342
1  218479
1  218615
2  218751
1  219297
2  219433
1  219570
1  219842
2  219979
1  220115
1  220251
2  220388
2  220524
1  220660
2  220797
1  220933
1  221479
2  221615
1  221751
1  221888
2  222024
1  222570
1  223115
2  223660
2  223797
1  223933
1  224206
1  224342
2  224479
2  224615
1  224751
2  224888
1  225024
1  225160
2  225297
2  225842
1  225979
2  226115
1  226388
2  226524
1  226660
2  226797
1  226933
1  227070
2  227206
2  227342
1  227479
2  228024
2  228160
1  228297
1  228570
2  228706
1  228842
2  228979
1  229115
1  229251
2  229388
2  229524
1  229660
2  230206
1  230342
2  230479
1  230751
2  230888
2  231024
2  231160
1  231297
1  231433
2  231570
1  231706
2  231842
1  232388
1  232524
2  232660
1  232933
1  233070
2  233206
2  233342
1  233479
2  233615
1  233751
1  233888
2  234024
1  234570
2  234706
1  234842
2  235115
1  235251
2  235388
2  235524
1  235660
2  235797
1  235933
2  236070
1  236206
1  236751
2  236888
1  237024
1  237297
1  237433
2  237570
2  237706
1  237842
1  237979
2  238115
2  238251
1  238388
2  238933
2  239070
1  239206
2  239342
1  239479
2  239751
1  240024
1  240297
2  240570
1  241115
2  241660
1  242206
2  242751
1  243297
2  243842
1  244388
2  244933
1  245479
2  246024
1  246570
2  247115
1  247660
2  248206
1  248751
1  249297
1  249842
2  250388
1  250933
2  251479
1  252024
2  252570
1  253115
2  253660
1  254206
2  254751
1  255297
2  255842
1  256388
2  256933
