northern_limit.mp3 1000
2  187
1  2853
2  3298
2  3742
2  5520
1  6409
2  7298
1  7964
1  9964
2  10409
2  10853
2  12631
2  13520
1  14409
1  15298
2  15742
1  15964
2  16631
1  17075
2  17520
1  17964
2  19631
1  19742
2  20631
1  21520
1  22409
2  22853
1  23075
2  23742
1  24186
1  24631
2  25075
1  26853
2  27742
2  28631
1  29520
2  29964
2  30186
2  30853
1  31298
2  31742
2  32186
1  33075
2  34186
2  34409
1  34853
2  35742
2  36186
1  36631
2  37075
2  37298
2  37964
1  38409
2  38853
2  39298
1  40186
2  41298
2  41520
1  41964
2  42853
2  44631
1  45520
1  46409
2  48186
1  49075
1  49964
1  51742
2  52631
1  53520
2  55298
1  56186
2  57075
2  57297
2  57408
2  57463
1  57519
2  57630
1  57741
1  57797
2  57852
2  57908
1  57963
2  58075
2  58130
1  58186
2  58297
1  58408
2  58463
1  58519
2  58575
1  58630
1  58741
2  58852
2  59075
2  59186
2  59241
1  59297
2  59408
1  59519
2  59630
2  59686
1  59741
1  59778
1  59815
2  59852
2  59963
2  60075
1  60186
1  60241
2  60297
2  60352
1  60408
1  60445
1  60482
2  60519
2  60556
2  60593
1  60630
2  60852
2  60963
2  61019
1  61074
2  61186
2  61241
1  61297
1  61352
2  61408
1  61519
2  61630
2  61686
1  61741
1  61852
1  61963
1  62019
2  62074
2  62130
1  62186
1  62297
2  62408
2  62630
2  62741
2  62797
1  62852
2  62963
1  63074
2  63186
2  63241
1  63297
1  63334
1  63371
2  63408
2  63463
1  63519
1  63556
1  63593
2  63630
2  63741
2  63797
1  63852
2  63908
1  63963
2  64000
2  64037
1  64074
1  64112
1  64149
2  64186
2  64408
2  64519
2  64574
1  64630
2  64741
1  64852
1  64908
2  64963
2  65019
1  65074
1  65297
2  65352
2  65408
1  65519
2  65574
1  65630
2  65686
1  65741
1  65852
2  65963
2  66186
2  66297
2  66352
1  66408
1  66463
2  66519
1  66630
2  66741
2  66797
1  66852
1  66889
1  66926
2  66963
2  67074
2  67186
1  67297
1  67352
2  67408
2  67463
1  67519
1  67556
1  67593
2  67630
2  67667
2  67704
1  67741
2  67963
2  68074
2  68130
1  68185
2  68297
2  68352
1  68408
2  68519
1  68630
2  68852
2  68908
2  68963
1  69074
1  69112
1  69149
2  69185
2  69241
1  69297
1  69408
2  69519
2  69741
2  69852
2  69908
1  69963
2  70074
1  70185
2  70297
2  70352
1  70408
1  70445
1  70482
2  70519
2  70574
1  70630
1  70667
1  70704
2  70741
2  70852
2  70908
1  70963
2  71000
2  71037
1  71074
1  71112
1  71149
2  71185
2  71223
2  71260
1  71297
2  71408
1  71519
2  71630
2  71685
1  71741
2  71852
1  71963
2  72074
1  72185
1  72241
2  72297
1  72408
2  72519
1  72630
2  72685
1  72741
2  72797
1  72852
1  72963
2  73074
2  73186
1  73297
2  73408
2  73463
1  73519
2  73630
1  73741
2  73852
2  73908
1  73963
1  74000
1  74037
2  74074
2  74185
2  74297
1  74408
1  74463
2  74519
2  74574
1  74630
1  74667
1  74704
2  74741
2  74778
2  74815
1  74852
2  74963
1  75074
2  75185
2  75241
1  75296
2  75408
2  75463
1  75519
1  75574
2  75630
1  75741
1  75797
2  75852
2  75963
1  76074
1  76185
1  76241
2  76296
2  76352
1  76408
1  76519
1  76630
1  76686
2  76741
2  76797
1  76852
1  76963
1  77019
2  77074
2  77185
1  77296
2  77408
2  77463
1  77519
1  77556
1  77593
2  77630
2  77685
1  77741
1  77778
1  77815
1  77852
2  77963
2  78019
1  78074
2  78130
1  78185
2  78222
2  78259
1  78296
1  78334
1  78371
2  78408
2  78519
1  78630
2  78741
2  78796
1  78852
2  78963
1  79074
2  79185
1  79296
1  79352
2  79408
1  79519
2  79630
1  79741
2  79796
1  79852
2  79908
1  79963
2  80074
1  80185
1  80297
2  80408
2  80519
2  80574
1  80630
1  80685
2  80741
1  80852
2  80963
2  81019
1  81074
1  81111
1  81148
2  81185
2  81296
2  81408
1  81519
1  81574
2  81630
2  81685
1  81741
1  81778
1  81815
2  81852
2  81889
2  81926
1  81963
2  82074
1  82185
2  82296
2  82352
1  82407
2  82519
2  82574
1  82630
2  82686
2  82741
1  82852
1  82908
2  82963
1  83074
2  83186
1  83296
1  83352
2  83407
2  83463
1  83519
1  83630
1  83741
1  83797
2  83852
2  83908
1  83963
1  84074
1  84130
2  84185
2  84296
1  84407
2  84519
2  84574
1  84630
1  84667
1  84704
2  84741
2  84796
1  84852
1  84889
1  84926
1  84963
2  85074
2  85130
1  85185
2  85241
1  85296
2  85334
2  85371
1  85407
2  85519
2  88185
2  88630
1  89074
2  89519
1  89741
2  89963
1  90407
1  90852
1  91741
1  92630
2  93074
1  93296
2  93518
1  93963
1  95296
2  95741
1  96185
2  96630
1  96852
2  97074
1  97518
2  97963
1  98852
1  99741
2  100185
1  100407
2  100630
1  101074
2  102407
1  102852
1  103296
2  103741
1  103963
2  104185
1  104630
1  105074
1  105963
2  106407
1  106852
2  107296
1  107518
2  107741
1  108185
2  108630
1  109518
2  109963
1  110407
2  110852
1  111074
2  111296
1  111741
2  112185
1  113074
2  113963
1  114852
2  115296
1  115518
2  116185
1  116630
2  117074
1  117518
2  119185
1  119296
2  120185
1  121074
1  121963
2  122407
1  122630
1  123296
1  123741
2  124185
1  124630
1  126407
2  127296
2  128185
1  129074
2  129518
2  129741
2  130407
1  130852
2  131296
2  131741
1  132630
2  133741
2  133963
1  134407
2  135296
2  135741
1  136185
2  136630
2  136852
2  137518
1  137963
2  138407
2  138852
1  139741
2  140852
2  141074
1  141518
2  142407
2  144185
1  145074
1  145963
2  147741
1  148630
1  149518
1  151296
2  152185
1  153074
1  154852
2  155741
2  156630
2  156741
2  156796
1  156852
2  156907
1  156963
2  157000
2  157037
1  157074
2  157130
2  157185
1  157241
2  157296
2  157352
1  157407
1  157444
1  157481
2  157518
2  157574
1  157630
1  157685
2  157741
2  157796
1  157852
1  157889
1  157926
2  157963
2  158018
1  158074
1  158111
2  158148
2  158185
2  158241
1  158296
1  158333
1  158370
1  158407
2  158518
2  158574
1  158630
2  158685
1  158741
2  158778
2  158815
1  158852
2  158907
1  158963
1  159018
2  159074
2  159130
1  159185
1  159222
1  159259
2  159296
2  159352
1  159407
1  159463
2  159518
2  159574
1  159630
2  159667
2  159704
2  159741
1  159852
1  159889
2  159926
2  159963
1  160074
1  160111
1  160148
2  160185
2  160241
1  160296
1  160352
2  160407
2  160463
1  160518
1  160555
1  160592
2  160630
2  160685
2  160741
1  160796
2  160852
2  160907
1  160963
1  161000
1  161037
2  161074
2  161130
1  161185
1  161241
2  161296
2  161352
1  161407
1  161444
1  161481
2  161518
2  161574
1  161630
1  161667
2  161704
2  161741
2  161796
1  161852
1  161889
1  161926
1  161963
2  162074
2  162130
1  162185
2  162241
1  162296
2  162333
2  162370
1  162407
2  162463
2  162518
1  162574
2  162630
2  162685
1  162741
1  162778
1  162815
2  162852
2  162907
1  162963
2  163018
1  163074
1  163130
2  163185
2  163222
2  163259
1  163296
1  163333
1  163370
2  163407
2  163463
1  163518
2  163555
2  163592
1  163630
1  163667
1  163704
2  163741
2  163852
2  163907
1  163963
2  164018
1  164074
2  164111
2  164148
1  164185
2  164241
2  164296
1  164352
2  164407
2  164463
1  164518
1  164555
1  164592
2  164629
2  164685
1  164741
1  164796
2  164852
2  164907
1  164963
1  165000
1  165037
2  165074
2  165129
1  165185
1  165222
2  165259
2  165296
2  165352
1  165407
1  165444
1  165481
1  165518
2  165629
2  165685
1  165741
2  165796
1  165852
2  165889
2  165926
1  165963
2  166018
2  166074
1  166130
2  166185
2  166241
1  166296
1  166333
1  166370
2  166407
2  166463
1  166518
1  166574
2  166629
2  166685
1  166741
2  166778
2  166815
2  166852
1  166963
1  167000
2  167037
2  167074
1  167185
1  167222
1  167259
2  167296
2  167352
1  167407
1  167463
2  167518
2  167574
1  167629
1  167666
1  167703
2  167741
2  167796
2  167852
1  167907
2  167963
2  168018
1  168074
1  168111
1  168148
2  168185
2  168241
1  168296
1  168352
2  168407
2  168463
1  168518
1  168555
1  168592
2  168629
2  168685
1  168741
1  168778
2  168815
2  168852
2  168907
1  168963
1  169000
1  169037
1  169074
2  169185
2  169241
1  169296
2  169352
1  169407
2  169444
2  169481
1  169518
2  169574
2  169629
1  169685
2  169741
2  169796
1  169852
1  169889
1  169926
2  169963
2  170018
1  170074
2  170129
1  170185
1  170241
2  170296
2  170333
2  170370
1  170407
1  170444
1  170481
2  170518
2  170574
1  170630
2  170666
2  170703
1  170741
1  170778
1  170815
2  170852
1  170963
1  171018
1  171074
1  171130
2  171185
2  171241
1  171296
1  171352
1  171407
2  171463
1  171518
1  171574
2  171630
1  171685
2  171741
2  171796
1  171852
1  171889
2  171926
1  171963
2  172000
2  172037
1  172074
2  172130
1  172185
1  172241
2  172296
1  172352
2  172407
2  172463
1  172518
2  172574
1  172629
1  172685
2  172741
1  172796
1  172852
1  172907
2  172963
2  173018
1  173074
1  173129
1  173185
2  173241
1  173296
1  173352
2  173407
1  173463
2  173518
2  173574
1  173629
2  173685
1  173741
1  173796
2  173852
2  173907
1  173963
1  174018
2  174074
2  174129
1  174185
2  174241
1  174296
2  174333
2  174370
1  174407
1  174463
2  174518
1  174574
2  174629
2  174685
1  174741
1  174796
2  174852
2  174907
1  174963
2  175018
1  175074
1  175129
2  175185
1  175241
1  175296
2  175352
1  175407
2  175463
1  175518
1  175555
1  175592
2  175629
2  175685
1  175741
1  175796
2  175852
1  175907
2  175963
2  176018
1  176074
2  176129
1  176185
1  176241
2  176296
1  176352
2  176407
1  176463
2  176518
2  176574
1  176629
1  176685
1  176741
2  176796
1  176852
1  176907
2  176963
1  177000
1  177037
2  177074
2  177129
1  177185
1  177241
2  177296
2  177352
1  177407
2  177444
2  177481
1  177518
1  177574
2  177629
1  177667
1  177704
2  177741
2  177796
1  177852
1  177889
1  177926
2  177963
1  178074
1  178129
1  178185
1  178241
2  178296
2  178333
2  178370
1  178407
1  178463
1  178518
2  178574
1  178629
1  178685
2  178741
1  178796
2  178852
2  178907
1  178963
1  179000
2  179037
1  179074
2  179111
2  179148
1  179185
2  179241
1  179296
1  179352
2  179407
1  179463
2  179518
2  179574
1  179629
2  179685
1  179740
1  179796
2  179852
1  179907
1  179963
1  180018
2  180074
2  180129
1  180185
1  180240
1  180296
2  180352
1  180407
1  180463
2  180518
1  180574
2  180629
2  180685
1  180740
2  180796
1  180852
1  180907
2  180963
2  181018
1  181074
1  181129
2  181185
2  181240
1  181296
2  181352
1  181407
2  181444
2  181481
1  181518
1  181574
2  181629
1  181685
2  181740
2  181796
1  181852
1  181907
2  181963
2  182018
1  182074
2  182129
1  182185
1  182240
2  182296
1  182352
1  182407
2  182463
1  182518
2  182574
1  182629
1  182666
1  182703
2  182740
2  182796
1  182852
1  182907
2  182963
1  183018
2  183074
2  183129
1  183185
2  183240
1  183296
1  183352
2  183407
1  183463
2  183518
1  183574
2  183629
2  183685
1  183740
1  183796
1  183852
2  183907
1  183963
1  184018
2  184074
1  184129
2  184185
2  184240
1  184296
1  184352
2  184407
2  184463
1  184518
2  184555
2  184592
1  184629
1  184685
2  184740
1  184778
1  184815
2  184852
2  184907
1  184963
1  185018
2  185074
2  187740
2  188185
1  188629
1  191296
2  191740
2  192185
2  194851
2  195296
1  195740
2  197518
1  198407
2  199296
