"O.mp3" 800
1  21454
2  21612
1  21691
2  21770
2  21849
1  21928
2  22086
1  22165
2  22244
1  22322
2  22401
2  22480
1  22559
1  22638
1  22717
2  22875
1  22954
2  23033
2  23112
1  23191
2  23349
1  23428
2  23507
2  23559
2  23612
1  23665
2  23770
2  23875
1  23980
2  24138
1  24217
2  24296
2  24375
1  24454
2  24612
1  24691
2  24770
1  24849
2  24928
2  25007
1  25086
1  25165
1  25244
2  25401
1  25480
1  25559
2  25717
2  25796
1  25875
1  26033
2  26191
1  26349
1  26507
2  26665
1  26744
2  26822
2  26901
1  26980
2  27138
1  27217
2  27296
1  27375
2  27454
2  27533
1  27612
1  27691
1  27770
2  27928
1  28007
2  28086
2  28165
1  28244
2  28401
1  28480
2  28559
2  28612
2  28665
1  28717
2  28822
2  28928
1  29033
2  29191
1  29270
2  29349
2  29428
1  29507
2  29665
1  29744
2  29822
1  29901
2  29980
2  30059
1  30138
1  30217
2  30296
1  30401
1  30454
2  30507
2  30559
1  30612
1  30691
2  30770
2  30849
1  30928
1  31086
1  31244
1  31401
2  31559
2  31796
2  32033
1  32191
2  32270
1  32349
1  32428
2  32507
2  32586
1  32665
2  32822
2  33059
2  33296
1  33454
1  33507
1  33559
2  33612
2  33691
1  33770
1  33849
1  33928
1  34007
2  34086
2  34322
2  34559
2  34796
1  34875
2  34954
1  35033
1  35112
1  35191
1  35270
2  35349
2  35586
2  35822
1  35980
1  36138
2  36612
2  36849
2  37086
1  37244
2  37322
1  37401
1  37480
2  37559
2  37638
1  37717
2  37875
2  38112
2  38349
1  38507
1  38559
1  38612
2  38665
2  38744
1  38822
1  38901
1  38980
1  39059
2  39138
2  39375
2  39612
2  39849
1  39928
2  40007
1  40086
1  40165
1  40244
1  40322
2  40401
2  40638
2  40875
1  41033
1  41191
2  41665
1  41822
2  41901
1  41980
1  42059
2  42138
1  42296
2  42375
1  42454
1  42533
2  42612
2  42691
2  42770
2  42849
1  42928
2  43086
1  43165
2  43244
2  43322
1  43401
2  43559
1  43638
2  43717
2  43770
2  43822
1  43875
1  43980
1  44086
2  44191
1  44349
2  44428
1  44507
1  44586
2  44665
1  44822
2  44901
1  44980
1  45059
2  45138
2  45217
1  45296
2  45375
1  45454
1  45612
2  45691
1  45770
1  45849
2  45928
1  46086
1  46244
2  46401
1  46559
2  46717
1  46875
2  46954
1  47033
1  47112
2  47191
1  47349
2  47428
1  47507
1  47586
2  47665
2  47744
2  47822
2  47901
1  47980
2  48138
1  48217
2  48296
2  48375
1  48454
2  48612
1  48691
2  48770
2  48822
2  48875
1  48928
1  49033
1  49138
2  49244
1  49401
2  49480
1  49559
1  49638
2  49717
1  49875
2  49954
1  50033
1  50112
2  50191
1  50270
1  50349
1  50428
2  50507
1  50612
1  50665
2  50717
2  50770
1  50822
1  50901
2  50980
2  51059
1  51138
1  51296
1  51454
1  51612
2  51770
2  52007
2  52244
1  52401
2  52480
1  52559
1  52638
2  52717
2  52796
1  52875
2  53033
2  53270
2  53507
1  53665
1  53717
1  53770
2  53822
1  53901
2  53980
2  54059
1  54138
1  54217
2  54296
2  54533
2  54770
1  54928
2  55007
1  55086
1  55165
2  55244
2  55322
1  55401
2  55559
2  55796
2  56033
1  56191
1  56349
2  56822
2  57059
2  57296
1  57454
1  57533
1  57612
2  57691
2  57849
1  57928
2  58086
2  58322
2  58559
1  58717
1  58770
1  58822
2  58875
1  58954
2  59033
2  59112
1  59191
1  59270
2  59349
2  59586
2  59822
1  59980
2  60059
1  60138
1  60217
2  60296
2  60375
1  60454
2  60612
2  60849
2  61086
1  61244
1  61401
2  61875
2  62033
1  62112
2  62191
2  62270
1  62349
2  62507
1  62586
2  62665
2  62744
1  62822
2  62980
1  63059
2  63138
2  63217
1  63296
2  63454
1  63533
2  63612
2  63691
1  63770
1  63849
1  63928
1  64007
2  64086
1  64244
1  64296
1  64349
2  64401
2  64559
2  64638
1  64717
2  64796
1  64875
2  65033
2  65112
1  65191
2  65270
1  65349
2  65507
2  65586
1  65665
2  65744
1  65822
2  65980
2  66059
1  66138
2  66217
1  66296
1  66375
1  66454
1  66533
2  66612
1  66770
1  66822
1  66875
2  66928
2  67086
1  67165
1  67244
2  67322
1  67401
2  67559
1  67638
1  67717
2  67796
1  67875
2  68033
1  68112
1  68191
2  68270
1  68349
2  68507
1  68586
1  68665
2  68744
1  68822
1  68901
1  68980
1  69059
2  69138
1  69296
1  69349
1  69401
2  69454
1  69612
2  69691
1  69770
2  69849
1  69928
1  70086
2  70165
1  70244
2  70322
1  70401
1  70559
2  70638
1  70717
2  70796
1  70875
1  71033
2  71112
1  71191
2  71270
1  71349
1  71428
1  71507
1  71586
2  71665
1  71822
1  71875
1  71928
2  71980
2  72138
1  72217
2  72296
2  72375
1  72454
2  72612
1  72691
2  72770
1  72849
2  72928
2  73007
1  73086
1  73165
1  73244
2  73401
1  73480
2  73559
2  73638
1  73717
2  73875
1  73954
2  74033
2  74086
2  74138
1  74191
2  74296
2  74401
1  74507
2  74665
1  74744
2  74822
2  74901
1  74980
2  75138
1  75217
2  75296
1  75375
2  75454
2  75533
1  75612
1  75691
1  75770
2  75928
1  76007
1  76086
2  76244
2  76322
1  76401
1  76559
2  76717
1  76875
1  77033
2  77191
1  77270
2  77349
2  77428
1  77507
2  77665
1  77744
2  77822
1  77901
2  77980
2  78059
1  78138
1  78217
1  78296
2  78454
1  78533
2  78612
2  78691
1  78770
2  78928
1  79007
2  79086
2  79138
2  79191
1  79244
2  79349
2  79454
1  79559
2  79717
1  79796
2  79875
2  79954
1  80033
2  80191
1  80270
2  80349
1  80428
2  80507
2  80586
1  80665
1  80744
2  80822
1  80928
1  80980
2  81033
2  81086
1  81138
1  81217
2  81296
2  81375
1  81454
1  81612
1  81770
1  81928
2  82086
2  82244
2  82296
2  82349
1  82401
2  82559
1  82638
2  82717
2  82796
1  82875
1  83033
2  83086
2  83138
1  83191
1  83270
2  83349
1  83507
1  83546
1  83586
2  83665
1  83744
1  83783
2  83822
2  83901
1  83980
2  84059
1  84138
1  84217
1  84296
2  84375
1  84454
1  84533
2  84612
1  84691
2  84770
2  84849
1  84928
1  85007
2  85086
1  85165
2  85244
2  85322
1  85401
2  85480
1  85559
1  85638
2  85717
1  85796
2  85875
2  85954
1  86033
2  86112
1  86191
1  86270
2  86349
2  86428
1  86665
1  86980
1  87033
1  87086
2  87138
2  87296
2  87349
2  87401
1  87454
2  87612
1  87691
2  87770
2  87849
1  87928
1  88086
2  88138
2  88191
1  88244
1  88322
2  88401
1  88559
1  88599
1  88638
2  88717
1  88796
1  88836
2  88875
2  88954
1  89033
2  89112
1  89191
1  89270
1  89349
2  89428
1  89507
1  89586
2  89665
1  89744
2  89822
2  89901
1  89980
1  90059
2  90138
1  90217
2  90296
2  90375
1  90454
2  90533
1  90612
1  90691
2  90770
1  90849
2  90928
2  91007
1  91086
2  91165
1  91244
1  91322
2  91401
2  91480
1  91717
1  92033
1  92086
1  92138
2  92191
2  92349
2  92401
2  92454
1  92507
2  92665
1  92744
2  92822
2  92901
1  92980
2  93138
2  93191
2  93244
1  93296
1  93375
2  93454
1  93612
1  93651
1  93691
2  93770
1  93849
1  93888
1  93928
2  94007
1  94086
2  94244
1  94322
1  94401
2  94480
1  94559
1  94638
2  94717
1  94875
2  94954
1  95033
1  95112
1  95270
2  95349
1  95428
2  95507
2  95586
1  95665
2  95822
1  95901
2  95980
1  96059
1  96217
1  96296
2  96454
1  96533
1  96770
1  97086
2  97244
2  97401
2  97454
2  97507
1  97559
2  97717
1  97796
2  97875
2  97954
1  98033
2  98191
2  98244
2  98296
1  98349
1  98428
2  98507
1  98665
1  98704
1  98744
2  98822
1  98901
1  98941
1  98980
2  99059
1  99138
2  99296
1  99375
1  99454
2  99533
1  99612
1  99691
2  99770
1  99928
2  100007
1  100086
1  100165
1  100322
2  100401
1  100480
2  100559
2  100638
1  100717
2  100875
1  100954
2  101033
1  101112
1  101270
1  101349
2  101507
1  101586
1  101822
2  102296
2  102454
2  102507
2  102559
1  102612
2  102770
1  102849
2  102928
2  103007
1  103086
1  103244
2  103296
2  103349
1  103401
1  103480
2  103559
1  103717
1  103757
1  103796
2  103875
1  103954
1  103994
2  104033
2  104112
1  104191
2  104270
1  104349
1  104428
1  104507
2  104586
1  104665
1  104744
2  104822
1  104901
2  104980
2  105059
1  105138
1  105217
2  105296
1  105375
2  105454
2  105533
1  105612
2  105691
1  105770
1  105849
2  105928
1  106007
2  106086
2  106165
1  106244
2  106322
1  106401
1  106480
2  106559
2  106638
1  106875
1  107191
1  107244
1  107296
2  107349
2  107507
2  107559
2  107612
1  107665
2  107822
1  107901
2  107980
2  108059
1  108138
1  108296
2  108349
2  108401
1  108454
1  108533
2  108612
1  108770
1  108809
1  108849
2  108928
1  109007
1  109046
2  109086
2  109165
1  109244
2  109322
1  109401
1  109480
1  109559
2  109638
1  109717
1  109796
2  109875
1  109954
2  110033
2  110112
1  110191
1  110270
2  110349
1  110428
2  110507
2  110586
1  110665
2  110744
1  110822
1  110901
2  110980
1  111059
2  111138
2  111217
1  111296
2  111375
1  111454
1  111533
2  111612
2  111691
1  111928
1  112244
1  112296
1  112349
2  112401
1  112559
2  112638
1  112717
1  112796
2  112875
1  113033
2  113112
1  113191
1  113270
2  113349
2  113428
2  113507
2  113586
1  113665
2  113822
1  113901
2  113980
2  114059
1  114138
2  114296
1  114375
2  114454
2  114507
2  114559
1  114612
1  114717
1  114822
2  114928
1  115086
2  115165
1  115244
1  115322
2  115401
1  115559
2  115638
1  115717
1  115796
2  115875
2  115954
1  116033
2  116112
1  116191
1  116349
2  116428
1  116507
1  116586
2  116665
1  116822
1  116980
2  117138
1  117296
2  117454
1  117612
2  117691
1  117770
1  117849
2  117928
1  118086
2  118165
1  118244
1  118322
2  118401
2  118480
2  118559
2  118638
1  118717
2  118875
1  118954
2  119033
2  119112
1  119191
2  119349
1  119428
2  119507
2  119559
2  119612
1  119665
1  119770
1  119875
2  119980
1  120138
2  120217
1  120296
1  120375
2  120454
1  120612
2  120691
1  120770
1  120849
2  120928
1  121007
1  121086
1  121165
2  121244
1  121349
1  121401
2  121454
2  121507
1  121559
1  121638
2  121717
2  121796
1  121875
1  122033
1  122191
1  122349
2  122507
2  122744
2  122980
1  123138
2  123217
1  123296
1  123375
2  123454
2  123533
1  123612
2  123770
2  124007
2  124244
1  124401
1  124454
1  124507
2  124559
1  124638
2  124717
2  124796
1  124875
1  124954
2  125033
2  125270
2  125507
1  125665
2  125744
1  125822
1  125901
2  125980
2  126059
1  126138
2  126296
2  126533
2  126770
1  126928
1  127086
2  127559
2  127796
2  128033
1  128191
1  128270
1  128349
2  128428
2  128586
1  128665
2  128822
2  129059
2  129296
1  129454
1  129507
1  129559
2  129612
1  129691
2  129770
2  129849
1  129928
1  130007
2  130086
2  130322
2  130559
1  130717
2  130796
1  130875
1  130954
2  131033
2  131112
1  131191
2  131349
2  131586
2  131822
1  131980
1  132138
1  142086
1  142244
1  142401
1  142559
2  142717
1  142796
1  142849
1  142901
2  142954
1  143033
2  143191
1  143244
1  143296
2  143349
2  143428
1  143507
1  143665
1  143744
2  143822
1  143875
1  143928
2  143980
1  144059
1  144112
1  144165
2  144217
1  144296
2  144454
1  144507
1  144559
2  144612
2  144691
1  144770
1  144928
2  145086
1  145165
2  145244
1  145322
1  145375
1  145428
2  145480
1  145559
2  145717
1  145770
1  145822
2  145875
2  145954
1  146033
1  146191
1  146270
2  146349
1  146401
1  146454
2  146507
1  146586
1  146638
1  146691
2  146744
1  146822
2  146980
1  147033
1  147086
2  147138
1  147244
1  147296
2  147349
2  147401
1  147454
1  147533
1  147612
1  147691
2  147770
1  147928
1  147987
2  148046
2  148105
1  148165
2  148244
2  148296
2  148349
2  148401
1  148480
1  148540
2  148599
2  148658
1  148717
1  148757
2  148796
1  148836
1  148875
2  148915
1  148954
1  148994
2  149033
2  149112
1  149191
2  149270
1  149349
1  149428
2  149507
1  149625
2  149704
2  149744
2  149783
1  149822
1  149941
2  150059
1  150217
2  150296
1  150454
1  150513
2  150572
2  150632
1  150691
2  150770
2  150822
2  150875
2  150928
1  151007
1  151066
2  151125
2  151184
1  151244
1  151283
2  151322
1  151362
1  151401
2  151441
1  151480
1  151520
2  151559
2  151638
1  151717
2  151796
1  151875
1  151954
2  152033
1  152151
2  152230
2  152270
2  152309
1  152349
1  152467
2  152586
1  152744
2  152822
2  152980
2  153033
2  153086
1  153138
2  153296
1  153375
2  153454
2  153533
1  153612
2  153770
2  153822
2  153875
1  153928
1  154007
2  154086
1  154244
1  154283
1  154322
2  154401
1  154480
1  154520
1  154559
2  154638
1  154717
2  154875
1  154954
1  155033
2  155112
1  155191
1  155270
2  155349
1  155507
2  155586
1  155665
1  155744
1  155901
2  155980
1  156059
2  156138
2  156217
1  156296
2  156454
1  156533
2  156612
1  156691
1  156849
1  156928
2  157086
1  157165
1  157401
1  157717
2  157875
2  158033
2  158086
2  158138
1  158191
2  158349
1  158428
2  158507
2  158586
1  158665
2  158822
2  158875
2  158928
1  158980
1  159059
2  159138
1  159296
1  159336
1  159375
2  159454
1  159533
1  159572
1  159612
2  159691
1  159770
2  159928
1  160007
1  160086
2  160165
1  160244
1  160322
2  160401
1  160559
2  160638
1  160717
1  160796
1  160954
2  161033
1  161112
2  161191
2  161270
1  161349
2  161507
1  161586
2  161665
1  161744
1  161901
1  161980
2  162138
1  162217
1  162454
2  162928
2  163086
2  163138
2  163191
1  163244
2  163401
1  163480
2  163559
2  163638
1  163717
1  163875
2  163928
2  163980
1  164033
1  164112
2  164191
1  164349
1  164388
1  164428
2  164507
1  164586
1  164625
2  164665
2  164744
1  164822
2  164901
1  164980
1  165059
1  165138
2  165217
1  165296
1  165375
2  165454
1  165533
2  165612
2  165691
1  165770
1  165849
2  165928
1  166007
2  166086
2  166165
1  166244
2  166322
1  166401
1  166480
2  166559
1  166638
2  166717
2  166796
1  166875
2  166954
1  167033
1  167112
2  167191
2  167270
1  167507
1  167822
1  167875
1  167928
2  167980
2  168138
2  168191
2  168244
1  168296
2  168454
1  168533
2  168612
2  168691
1  168770
1  168928
2  168980
2  169033
1  169086
1  169165
2  169244
1  169401
1  169441
1  169480
2  169559
1  169638
1  169678
2  169717
2  169796
1  169875
2  169954
1  170033
1  170112
1  170191
2  170270
1  170349
1  170428
2  170507
1  170586
2  170665
2  170744
1  170822
1  170901
2  170980
1  171059
2  171138
2  171217
1  171296
2  171375
1  171454
1  171533
2  171612
1  171691
2  171770
2  171849
1  171928
2  172007
1  172086
1  172165
2  172244
2  172322
1  172559
1  172875
1  172928
1  172980
2  173033
