"O.mp3" 800
1  21454
2  21612
2  21691
2  21770
1  21928
2  22086
2  22165
2  22244
2  22401
1  22559
1  22638
1  22717
2  22875
2  22954
2  23033
1  23191
2  23349
2  23428
2  23507
1  23665
1  23770
1  23875
1  23980
2  24138
2  24217
2  24296
1  24454
2  24612
2  24691
2  24770
2  24928
1  25086
1  25165
1  25244
2  25401
2  25480
1  25559
2  25717
2  25796
1  25875
2  26191
1  26349
1  26507
2  26665
2  26744
2  26822
1  26980
2  27138
2  27217
2  27296
2  27454
1  27612
1  27691
1  27770
2  27928
2  28007
2  28086
1  28244
2  28401
2  28480
2  28559
1  28717
1  28822
1  28928
1  29033
2  29191
2  29270
2  29349
1  29507
2  29665
2  29744
2  29822
2  29980
1  30138
2  30296
2  30375
2  30454
2  30533
1  30612
1  30928
1  31086
1  31244
1  31401
2  31559
2  31796
2  32033
1  32191
2  32270
1  32428
2  32586
1  32665
2  32822
2  33059
2  33296
2  33454
2  33533
1  33612
1  33770
1  33849
1  33928
2  34086
2  34322
2  34559
2  34796
1  34875
2  34954
1  35033
1  35191
2  35349
2  35586
2  35822
1  36138
2  36612
2  36849
2  37086
1  37244
2  37322
1  37480
2  37638
1  37717
2  37875
2  38112
2  38349
2  38507
2  38586
1  38665
1  38822
1  38901
1  38980
2  39138
2  39375
2  39612
2  39849
1  39928
2  40007
1  40086
1  40244
2  40401
2  40638
2  40875
1  41191
2  41665
1  41822
1  41901
1  41980
2  42138
1  42296
1  42375
1  42454
2  42612
2  42691
2  42770
1  42928
2  43086
2  43165
2  43244
1  43401
2  43559
2  43638
2  43717
1  43875
1  43980
1  44086
2  44191
1  44349
1  44428
1  44507
2  44665
1  44822
1  44901
1  44980
2  45138
2  45217
2  45296
2  45375
1  45454
2  45691
1  45770
2  45928
1  46086
2  46401
1  46559
2  46717
1  46875
1  46954
1  47033
2  47191
1  47349
1  47428
1  47507
2  47665
2  47744
2  47822
1  47980
2  48138
2  48217
2  48296
1  48454
2  48612
2  48691
2  48770
1  48928
1  49033
1  49138
2  49244
1  49401
2  49480
1  49559
2  49717
1  49875
2  49954
1  50033
2  50191
2  50270
1  50349
2  50507
2  50586
2  50665
2  50744
1  50822
1  51138
1  51296
1  51454
1  51612
2  51770
2  52007
2  52244
1  52401
2  52480
1  52638
2  52717
1  52875
2  53033
2  53270
2  53507
2  53665
2  53744
1  53822
1  53980
1  54059
1  54138
2  54296
2  54533
2  54770
1  54928
2  55007
1  55165
2  55244
1  55401
2  55559
2  55796
2  56033
1  56349
2  56822
2  57059
2  57296
1  57454
2  57533
2  57691
2  57849
1  57928
2  58086
2  58322
2  58559
2  58717
2  58796
1  58875
1  59033
1  59112
1  59191
2  59349
2  59586
2  59822
1  59980
2  60059
1  60217
2  60296
1  60454
2  60612
2  60849
2  61086
1  61401
2  61875
2  62191
2  62270
1  62349
2  62665
2  62744
1  62822
2  63138
2  63217
1  63296
2  63612
2  63691
1  63770
2  64086
1  64244
2  64401
2  64717
2  64796
1  64875
2  65191
2  65270
1  65349
2  65665
2  65744
1  65822
2  66138
2  66217
1  66296
2  66612
1  66770
2  66928
2  67244
2  67322
1  67401
2  67717
2  67796
1  67875
2  68191
2  68270
1  68349
2  68665
2  68744
1  68822
2  69138
1  69296
2  69454
2  69770
2  69849
1  69928
2  70244
2  70322
1  70401
2  70717
2  70796
1  70875
2  71191
2  71270
1  71349
2  71665
1  71822
2  71980
2  72138
2  72217
2  72296
1  72454
2  72612
2  72691
2  72770
2  72928
1  73086
1  73165
1  73244
2  73401
2  73480
2  73559
1  73717
2  73875
2  73954
2  74033
1  74191
1  74296
1  74401
1  74507
2  74665
2  74744
2  74822
1  74980
2  75138
2  75217
2  75296
2  75454
1  75612
1  75691
1  75770
2  75928
2  76007
1  76086
2  76244
2  76322
1  76401
2  76717
1  76875
1  77033
2  77191
2  77270
2  77349
1  77507
2  77665
2  77744
2  77822
2  77980
1  78138
1  78217
1  78296
2  78454
2  78533
2  78612
1  78770
2  78928
2  79007
2  79086
1  79244
1  79349
1  79454
1  79559
2  79717
2  79796
2  79875
1  80033
2  80191
2  80270
2  80349
2  80507
1  80665
2  80822
2  80901
2  80980
2  81059
1  81138
1  81454
1  81612
1  81770
1  81928
2  82086
2  82244
2  82322
1  82401
2  82559
1  82638
2  82796
1  82875
1  83033
1  83112
2  83191
2  83349
1  83507
2  83665
1  83744
2  83822
1  83980
1  84059
1  84217
1  84296
1  84454
2  84612
2  84770
2  84849
1  84928
2  85086
1  85165
2  85322
1  85401
1  85559
1  85717
1  85796
2  85875
1  86033
1  86191
1  86270
2  86349
1  86665
1  86980
2  87138
2  87296
2  87375
1  87454
2  87612
1  87691
2  87849
1  87928
1  88086
1  88165
2  88244
2  88401
1  88559
2  88717
1  88796
2  88875
1  89033
1  89112
1  89270
1  89349
1  89507
2  89665
2  89822
2  89901
1  89980
2  90138
1  90217
2  90375
1  90454
1  90612
1  90770
1  90849
2  90928
1  91086
1  91244
1  91322
2  91401
1  91717
1  92033
2  92191
1  92507
1  92744
1  92980
2  93138
2  93454
1  93612
1  93849
1  94086
1  94165
1  94322
1  94401
1  94559
1  94638
2  94717
1  94875
1  95033
1  95270
1  95428
2  95586
1  95665
1  95901
2  95980
1  96059
1  96217
1  96296
1  96533
1  96770
2  97244
1  97559
1  97796
1  98033
2  98191
2  98507
1  98665
1  98901
1  99138
1  99217
1  99375
1  99454
1  99612
1  99691
2  99770
1  99928
1  100086
1  100322
1  100480
2  100638
1  100717
1  100954
2  101033
1  101112
1  101270
1  101349
1  101586
1  101822
2  102296
2  102454
2  102533
1  102612
2  102770
1  102849
2  103007
1  103086
1  103244
1  103322
2  103401
2  103559
1  103717
2  103875
1  103954
2  104033
1  104191
1  104270
1  104428
1  104507
1  104665
2  104822
2  104980
2  105059
1  105138
2  105296
1  105375
2  105533
1  105612
1  105770
1  105928
1  106007
2  106086
1  106244
1  106401
1  106480
2  106559
1  106875
1  107191
2  107349
2  107507
2  107586
1  107665
2  107822
1  107901
2  108059
1  108138
1  108296
1  108375
2  108454
2  108612
1  108770
2  108928
1  109007
2  109086
1  109244
1  109322
1  109480
1  109559
1  109717
2  109875
2  110033
2  110112
1  110191
2  110349
1  110428
2  110586
1  110665
1  110822
1  110980
1  111059
2  111138
1  111296
1  111454
1  111533
2  111612
1  111928
1  112244
2  112401
1  112559
1  112638
1  112717
2  112875
1  113033
1  113112
1  113191
2  113349
2  113428
2  113507
1  113665
2  113822
2  113901
2  113980
1  114138
2  114296
2  114375
2  114454
1  114612
1  114717
1  114822
2  114928
1  115086
1  115165
1  115244
2  115401
1  115559
1  115638
1  115717
2  115875
2  115954
2  116033
2  116112
1  116191
2  116428
1  116507
2  116665
1  116822
2  117138
1  117296
2  117454
1  117612
1  117691
1  117770
2  117928
1  118086
1  118165
1  118244
2  118401
2  118480
2  118559
1  118717
2  118875
2  118954
2  119033
1  119191
2  119349
2  119428
2  119507
1  119665
1  119770
1  119875
2  119980
1  120138
2  120217
1  120296
2  120454
1  120612
2  120691
1  120770
2  120928
2  121007
1  121086
2  121244
2  121322
2  121401
2  121480
1  121559
1  121875
1  122033
1  122191
1  122349
2  122507
2  122744
2  122980
1  123138
2  123217
1  123375
2  123454
1  123612
2  123770
2  124007
2  124244
2  124401
2  124480
1  124559
1  124717
1  124796
1  124875
2  125033
2  125270
2  125507
1  125665
2  125744
1  125901
2  125980
1  126138
2  126296
2  126533
2  126770
1  127086
2  127559
2  127796
2  128033
1  128191
2  128270
2  128428
2  128586
1  128665
2  128822
2  129059
2  129296
2  129454
2  129533
1  129612
1  129770
1  129849
1  129928
2  130086
2  130322
2  130559
1  130717
2  130796
1  130954
2  131033
1  131191
2  131349
2  131586
2  131822
1  132138
1  142086
1  142244
1  142401
1  142559
2  142717
2  142875
2  142954
1  143033
2  143191
2  143270
2  143349
2  143428
1  143507
2  143665
1  143822
1  143901
2  143980
2  144138
2  144217
1  144296
2  144454
2  144533
2  144612
2  144691
1  144770
1  144928
2  145086
1  145165
2  145244
2  145401
2  145480
1  145559
2  145717
2  145796
2  145875
2  145954
1  146033
2  146191
1  146349
1  146428
2  146507
2  146665
2  146744
1  146822
2  146980
2  147138
2  147217
1  147296
2  147770
1  147928
1  148046
1  148165
2  148244
1  148480
1  148599
1  148717
1  148836
1  148954
2  149033
1  149349
2  149507
1  149625
1  149704
2  149783
2  149862
1  149941
2  150059
2  150296
1  150454
1  150572
1  150691
2  150770
1  151007
1  151125
1  151244
1  151362
1  151480
2  151559
1  151875
2  152033
1  152151
1  152230
2  152309
2  152388
1  152467
2  152586
2  152822
1  153138
1  153375
1  153612
2  153770
2  154086
1  154244
1  154480
1  154717
1  154796
1  154954
1  155033
1  155191
1  155270
2  155349
1  155507
1  155665
1  155901
1  156059
2  156217
1  156296
1  156533
2  156612
1  156691
1  156849
1  156928
1  157165
1  157401
2  157875
1  158191
1  158428
1  158665
2  158822
2  159138
1  159296
1  159533
1  159770
1  159849
1  160007
1  160086
1  160244
1  160322
2  160401
1  160559
1  160717
1  160954
1  161112
2  161270
1  161349
1  161586
2  161665
1  161744
1  161901
1  161980
1  162217
1  162454
2  162928
2  163086
2  163165
1  163244
2  163401
1  163480
2  163638
1  163717
1  163875
1  163954
2  164033
2  164191
1  164349
2  164507
1  164586
2  164665
1  164822
1  164901
1  165059
1  165138
1  165296
2  165454
2  165612
2  165691
1  165770
2  165928
1  166007
2  166165
1  166244
1  166401
1  166559
1  166638
2  166717
1  166875
1  167033
1  167112
2  167191
1  167507
1  167822
2  167980
2  168138
2  168217
1  168296
2  168454
1  168533
2  168691
1  168770
1  168928
1  169007
2  169086
2  169244
1  169401
2  169559
1  169638
2  169717
1  169875
1  169954
1  170112
1  170191
1  170349
2  170507
2  170665
2  170744
1  170822
2  170980
1  171059
2  171217
1  171296
1  171454
1  171612
1  171691
2  171770
1  171928
1  172086
1  172165
2  172244
1  172559
1  172875
2  173033
