"Quaoar.mp3" 800
2  6500
2  7017
1  7534
2  8396
1  8568
1  8741
1  8913
1  8971
1  9028
2  9086
2  9258
2  9775
1  10293
2  11500
1  11672
1  11844
1  11902
1  11959
2  12017
2  12534
1  13051
1  13913
1  14086
2  14258
1  14431
1  14488
1  14545
2  14603
2  14775
2  15293
2  15810
1  16155
1  16758
2  16844
2  17534
2  18051
1  18568
2  19431
1  19603
1  19775
1  19948
1  20005
1  20063
2  20120
2  20293
2  20810
1  21327
2  22189
1  22362
2  22534
1  22706
1  22879
2  23051
2  24086
2  24258
1  24431
1  25465
1  25637
2  25810
1  26844
2  27017
2  27189
2  27362
1  27534
2  27706
1  28568
2  28827
1  29086
1  29344
2  29603
2  29775
2  30982
1  31327
2  31586
1  31844
1  32103
2  32362
1  32534
1  33741
2  34086
2  34344
1  34603
2  34862
2  35120
1  35293
2  36500
1  36672
1  36844
2  37103
2  37362
1  37620
2  37879
1  38051
2  38224
2  38482
1  38741
1  39000
2  39258
1  39603
2  39862
1  40120
1  40379
2  40637
1  40810
2  42017
1  42189
1  42362
2  42620
1  42879
1  43137
2  43396
1  43568
2  43741
2  44086
2  44431
2  44775
2  44862
1  44948
1  45120
2  45379
1  45637
2  45896
1  46155
2  46500
2  46844
2  47189
2  47534
1  47879
1  48396
1  48913
2  49257
1  50637
1  50982
2  51155
1  51327
1  51672
2  51844
2  51931
1  52017
2  52189
1  52362
1  52706
2  52879
1  53051
2  53224
1  53396
1  53741
2  53913
1  54086
1  54431
2  54603
2  54689
1  54775
2  54948
1  55120
1  55465
2  55637
1  55810
2  56155
2  56327
1  56500
2  56672
1  56844
2  57017
1  57189
1  57362
2  57534
2  57706
1  57879
2  58051
1  58224
2  58396
1  58568
1  58741
1  58913
1  59000
2  59086
2  59172
1  59258
2  59344
1  59431
1  59517
2  59603
2  59689
1  59775
2  59862
1  59948
1  60034
1  60120
1  60206
2  60293
1  61327
1  61413
2  61500
2  61586
1  61672
2  61931
1  62017
2  62189
2  62448
2  62534
1  62706
2  63051
2  63224
1  63396
1  63655
2  63741
2  63827
2  63913
1  64086
2  64257
2  64431
2  64689
1  64775
1  64948
2  65206
2  65293
1  65465
2  65810
2  65982
1  66155
1  66413
2  66500
2  66586
2  66672
1  66844
2  67017
1  67103
2  67189
2  67448
1  67534
2  67706
2  67965
2  68051
1  68224
2  68568
2  68741
1  68913
1  69172
2  69258
1  69344
2  69431
1  69603
2  69775
2  69862
1  69948
2  70206
1  70293
2  70465
1  70810
2  70982
1  71327
2  71500
2  71557
2  71614
1  71672
2  71844
2  72017
2  72103
1  72189
2  72362
1  72448
2  72534
1  72706
2  72965
1  73051
2  73223
2  73482
2  73568
1  73740
2  74085
2  74258
1  74430
1  74689
2  74775
2  74861
2  74947
1  75120
2  75292
2  75465
2  75723
1  75809
1  75982
2  76240
2  76327
1  76499
2  76844
2  77016
1  77189
1  77362
2  77448
1  77534
1  77620
2  77706
1  77879
1  77965
2  78051
1  78224
2  78741
1  78913
1  79258
2  79431
2  79775
2  79948
1  80293
2  80465
1  80982
2  81155
2  81240
2  81327
1  81500
2  81672
2  81757
2  81844
1  82017
2  82189
2  82362
2  82448
1  82534
1  82620
2  82706
2  82793
1  82879
2  82965
2  83051
2  83137
1  83224
2  83395
2  83741
2  84000
1  84086
2  84258
2  84517
2  84603
1  84775
1  84948
1  85034
2  85120
2  85293
1  85465
2  85637
2  85982
1  86155
1  86327
2  86413
2  86500
2  86672
1  86844
2  87017
1  87275
2  87362
1  87534
1  87706
1  87793
2  87879
2  88051
1  88224
2  88396
2  88655
2  88741
1  88913
2  89086
1  89172
2  89258
2  89517
1  89603
2  89775
1  90034
2  90120
1  90293
2  90465
2  90551
1  90637
1  90724
2  90810
1  90982
2  91155
2  91500
2  91586
1  91672
2  91758
1  91844
1  91931
2  92017
2  92189
1  92362
2  92534
2  92793
2  92879
1  93051
2  93396
2  93568
1  93741
2  93913
1  94000
2  94086
2  94172
1  94258
2  94431
1  94517
2  94603
1  94689
2  94775
2  95034
1  95120
2  95293
1  95551
2  95637
1  95810
2  95982
2  96068
1  96155
2  96327
1  96500
2  96672
2  97017
2  97103
1  97189
2  97275
1  97362
1  97448
2  97534
2  97706
1  97879
2  98051
1  98310
2  98396
1  98568
2  98741
1  98827
1  98913
2  99086
1  99258
2  99431
2  99775
1  99862
2  99948
1  100120
2  100206
2  100293
2  100551
1  100637
2  100810
1  101068
2  101155
1  101327
2  101672
2  101844
1  102017
2  102189
2  102275
1  102362
2  102534
1  102706
2  102879
2  102965
2  103051
2  103224
1  103396
2  103654
1  103827
2  103913
1  104086
2  104258
1  104431
2  104603
2  104689
1  104948
2  105120
2  105206
2  105293
1  105465
2  105637
1  105724
2  105810
2  105982
1  106327
2  106500
1  106844
1  107017
1  107362
2  107534
1  107879
2  108051
1  108137
2  108224
1  108396
2  108568
1  108913
2  109086
1  109431
2  109603
2  109948
1  110120
2  110293
2  110465
1  110810
2  110982
2  111327
2  111500
2  111844
1  112017
1  112362
1  112534
1  112879
2  113051
1  113396
2  113827
2  113956
1  114086
1  114431
2  114603
2  114948
1  115120
1  115465
2  115637
1  115810
1  116068
1  116327
2  116500
1  116586
2  116844
2  117017
2  117361
1  117534
1  117879
1  118051
1  118396
2  118568
2  118913
2  119000
1  119086
1  119172
2  119258
2  119431
1  119603
1  119948
2  120120
1  120465
2  120637
2  120982
1  121155
2  121327
2  121500
1  121844
2  122017
2  122362
2  122534
1  122879
2  123051
1  123396
1  123568
1  123913
2  124086
1  124431
1  124603
2  124775
2  124862
2  124948
1  125120
1  125293
2  125465
1  125637
1  125810
2  125982
1  126155
1  126327
2  126500
2  126586
1  126672
2  126758
1  126844
1  126931
2  127017
2  127103
1  127189
2  127275
2  127362
2  127448
1  127534
2  127879
2  129258
1  129948
2  130637
1  131327
1  131672
2  132017
1  132706
1  132879
1  133051
1  133224
2  133396
2  133568
2  133741
2  133913
1  134086
1  134258
1  134431
1  134603
2  134775
2  134948
2  135120
2  135293
1  135465
1  135637
1  135810
1  135982
2  136155
2  136241
2  136327
2  136413
2  136500
2  136586
1  136672
2  136758
1  136844
2  136931
1  137017
1  137103
2  137189
2  137275
1  137362
1  137448
2  137534
1  137706
1  137879
1  138051
1  138224
1  138396
1  138568
1  138655
2  138741
2  138827
1  138913
1  139431
2  139603
1  139775
1  139948
1  140120
2  140293
2  140465
1  140810
2  140982
1  141155
1  141327
1  141500
2  141672
1  142189
2  142362
1  142534
1  142706
1  142879
2  143051
2  143137
2  143224
2  143396
2  143482
1  143568
1  143741
1  143827
2  143913
1  144086
2  144431
1  144775
1  144833
2  144890
1  144948
2  145005
2  145063
1  145120
2  145293
1  145379
1  145637
2  145724
1  145810
1  145896
2  145982
1  146068
2  146155
2  146241
1  146327
2  146413
1  146500
1  146586
2  146672
2  146758
1  146844
2  146902
2  146959
1  147017
2  147189
2  147247
2  147304
1  147362
1  147534
1  147591
2  147649
1  147706
2  147764
2  147821
1  147879
2  148051
1  148137
1  148396
2  148482
1  148568
1  148655
2  148741
1  148827
2  148913
2  149000
1  149086
2  149172
1  149258
2  149431
2  149488
2  149545
1  149603
2  149775
1  149948
1  150465
2  150551
1  150637
2  150724
1  150810
1  150896
2  150982
2  151068
1  151155
2  151241
1  151327
2  151500
2  151672
1  151844
2  151931
1  152017
1  152103
2  152189
2  152275
1  152362
2  152448
1  152534
1  152620
2  152706
1  152879
1  153224
2  153310
1  153396
2  153482
1  153568
1  153655
2  153741
2  153827
1  153913
1  154000
2  154086
1  154258
2  154431
1  154603
2  154689
1  154775
2  154948
1  155120
2  155465
2  155724
1  155810
1  155867
2  155925
1  155982
2  156040
2  156097
1  156155
1  156240
2  156326
1  156500
2  156672
1  156758
2  156844
2  156931
2  157017
1  157103
1  157189
2  157275
1  157362
1  157448
2  157534
1  157620
2  157706
2  157793
1  157879
1  157936
1  157994
2  158051
2  158224
2  158482
1  158568
1  158626
2  158683
1  158741
2  158798
2  158856
1  158913
2  159085
1  159172
2  159258
1  159431
2  159517
1  159603
1  159689
2  159775
1  159862
2  159948
2  160034
1  160120
1  160206
2  160293
2  160379
2  160465
2  160551
1  160637
1  160810
1  160896
2  160982
2  162017
1  162362
2  163396
1  163568
2  163741
1  164258
1  164431
2  165465
2  165810
2  166155
1  166500
2  167534
1  167879
2  168913
1  169258
1  169603
1  169862
2  169948
1  170293
2  170637
1  171155
1  171327
1  172017
2  173051
1  173396
2  174431
1  174775
2  175120
1  175465
1  175810
2  176155
1  176844
1  177362
1  177448
2  177534
2  179603
1  180293
2  182362
1  183051
2  183224
1  188568
2  188827
1  189086
1  189344
2  189603
1  189775
2  189948
2  190293
2  190637
2  190982
2  191068
1  191155
1  191327
2  191586
2  191844
1  192103
2  192362
1  192534
2  192706
2  193051
2  193396
2  193741
2  193827
1  193913
2  194000
1  194086
1  194344
2  194431
1  194603
2  194775
1  194862
1  195120
1  195293
2  195465
2  195810
2  196155
1  196500
1  196586
2  196672
2  196758
1  196844
2  197017
1  197103
1  197275
2  197362
2  197534
1  197620
2  197793
1  197879
2  198051
1  198224
2  198482
1  198741
1  199000
1  199086
2  199258
1  199431
1  199603
2  199689
2  199775
1  199862
2  199948
2  200034
1  200120
2  200206
2  200293
1  200379
2  200465
2  200551
1  200637
2  200724
1  200810
1  200896
2  200982
2  201068
2  201155
2  201241
2  201327
2  201413
2  201500
2  201586
2  201672
2  201758
2  201844
2  201931
2  202017
2  202103
2  202189
2  202275
1  202362
1  202448
2  202534
1  202620
2  202706
2  202793
1  202879
1  202965
2  203051
1  203137
2  203224
2  203310
1  203396
2  203482
1  203568
1  203655
2  203741
2  203827
2  203913
2  204000
2  204086
2  204172
2  204258
2  204344
2  204431
2  204517
2  204603
2  204689
2  204775
2  204862
2  204948
2  205034
1  205120
1  205206
2  205293
1  205379
2  205465
2  205551
1  205637
1  205724
2  205810
1  205896
1  205982
2  206068
1  206155
2  206241
1  206327
2  206413
1  206500
1  206586
2  206672
1  206758
2  206844
2  206931
1  207017
2  207103
2  207189
1  207275
2  207362
2  207448
1  207534
2  207620
1  207706
2  207793
1  207879
1  207965
2  208051
1  208137
1  208224
2  208310
1  208396
1  208482
2  208568
1  208655
1  208741
2  208827
1  208913
1  209000
1  209086
1  209172
2  209258
1  210293
1  210379
2  210465
2  210551
1  210637
2  210810
1  210896
2  211068
1  211155
1  211327
2  211413
2  211586
1  211672
1  211757
2  211844
2  211901
2  211959
1  212017
1  212103
1  212189
1  212275
2  212362
2  212448
1  212534
1  212620
2  212706
1  212793
2  212879
2  212965
1  213051
2  213137
1  213224
1  213396
2  213568
1  213655
2  213827
2  213913
2  214086
1  214172
2  214258
2  214344
1  214431
1  214603
2  214775
2  214862
1  214948
1  215034
2  215120
1  215206
2  215293
2  215379
1  215465
1  215551
2  215637
2  215724
1  215810
2  215896
1  215982
1  216155
1  216327
2  216413
2  216586
1  216672
2  216844
1  216931
2  217103
1  217189
1  217275
2  217362
2  217418
2  217476
1  217534
2  217620
1  217706
1  217793
2  217879
2  217965
1  218051
1  218137
2  218224
1  218310
2  218396
2  218482
1  218568
2  218655
1  218741
1  218913
2  219086
1  219172
1  219258
2  219344
1  219431
2  219603
1  219689
2  219775
1  219948
2  220034
1  220120
2  220293
1  220551
1  220810
1  221068
1  221327
2  221500
1  221586
2  221672
2  221844
2  221931
1  222017
1  222189
2  222362
1  222448
2  222620
1  222706
1  222792
2  222879
2  222936
2  222993
1  223051
1  223137
2  223224
2  223310
1  223396
2  223482
1  223568
1  223655
2  223741
1  223827
2  223913
2  224000
1  224086
2  224172
1  224258
1  224431
2  224603
2  224689
2  224862
1  224948
1  225120
2  225206
2  225379
1  225465
1  225550
2  225637
2  225694
2  225752
1  225810
2  225896
1  225982
1  226068
2  226155
2  226241
1  226327
2  226413
1  226500
1  226586
2  226672
2  226758
1  226844
1  226931
2  227017
1  227189
2  227362
2  227448
2  227620
1  227706
1  227879
2  227965
2  228051
2  228224
1  228310
1  228396
1  228482
2  228568
1  228655
1  228741
1  228827
2  228913
1  229000
2  229086
1  229172
2  229258
1  229344
2  229431
1  229517
2  229603
2  229775
2  229862
1  229948
2  230206
1  230465
2  230724
2  230982
1  232362
2  232534
2  232620
1  232706
2  232879
1  232965
2  233051
1  233224
2  233396
1  233482
2  233568
1  233741
1  233913
2  234086
1  234172
1  234215
2  234258
2  234431
1  234603
1  234689
2  234775
1  234948
2  235034
2  235206
1  235293
2  235465
2  235637
1  235724
2  235810
2  235982
2  236155
1  236241
2  236327
2  236500
1  236672
2  236844
1  237017
1  237103
2  237189
2  237362
1  237419
1  237477
2  237534
2  237706
1  237793
2  237879
2  237965
1  238051
1  238224
2  238396
1  238482
2  238568
1  238741
2  238913
1  239000
2  239086
2  239258
1  239431
2  239603
1  239689
1  239732
2  239775
2  239948
1  240120
1  240206
2  240293
1  240465
2  240551
2  240724
1  240810
1  240982
1  241241
2  241327
1  241500
2  241757
1  241844
1  242017
2  242362
1  242534
2  242706
2  242793
2  242879
2  243051
2  243137
1  243224
2  243396
1  243482
2  243568
1  243741
2  243913
2  244000
1  244086
1  244258
2  244431
2  244517
1  244603
1  244775
1  244948
2  245120
1  245206
1  245250
2  245293
2  245465
1  245637
1  245724
2  245810
2  245982
2  246068
2  246241
1  246327
2  246500
1  246672
1  246844
2  247017
1  247189
2  247275
1  247362
2  247534
1  247706
2  247879
1  248051
1  248137
2  248224
1  248396
2  248454
2  248511
1  248568
2  248655
1  248741
2  248827
1  248913
1  248971
1  249028
2  249086
1  249258
1  249517
2  249603
1  249775
1  250034
2  250120
1  250293
1  250465
1  250810
1  250982
2  251155
2  251241
2  251413
1  251500
1  251844
1  252017
2  252189
2  252362
2  252448
1  252534
2  252706
2  252879
2  252965
1  253051
2  253224
2  253396
1  253568
1  253655
2  253741
2  253827
2  253913
2  254000
2  254086
2  254172
2  254258
2  254344
1  254431
2  254775
2  255292
1  255809
2  256671
1  256843
1  257016
1  257188
1  257246
1  257303
2  257361
2  257533
2  258050
2  258568
1  258913
1  259430
2  259775
1  259947
1  260119
1  260177
1  260234
2  260292
2  260809
1  261326
1  261671
2  262188
1  262361
2  262533
1  262706
1  262763
1  262820
2  262878
2  263050
2  263568
2  264085
1  264430
1  265033
2  265119
2  265809
2  266326
1  266843
2  267705
1  267877
1  268050
1  268222
1  268280
1  268337
2  268395
2  268567
1  269084
2  269602
2  270809
1  270981
1  271153
1  271211
1  271268
2  271326
2  271843
1  272360
2  273222
1  273395
2  273567
2  273654
1  273740
1  273826
2  273913
2  274085
2  274602
1  275119
2  275464
