Quaoar.mp3 1000
1 6500
2 7534
2 8568
2 8913
1 9258
2 10293
2 11672
1 12017
2 13051
2 14086
2 14431
1 14775
2 16155
1 16844
1 17534
2 18568
2 19603
2 19948
1 20293
2 21327
2 22362
2 22706
1 23051
2 24431
1 25810
2 26844
1 27189
2 27534
1 28568
2 29603
1 30982
2 31327
2 32362
2 33741
1 34086
2 35120
1 36500
2 36844
2 37879
1 38224
2 39258
1 39603
1 40637
1 42017
2 42362
2 43396
1 43741
1 44431
2 45120
2 45637
2 46155
1 46500
1 47189
2 47879
2 48396
2 48913
2 50637
1 51327
1 52016
1 52362
1 52706
2 53395
1 54085
1 54775
2 56155
1 56500
2 56844
2 57189
1 57534
2 58224
1 58913
1 59257
2 59602
2 59947
1 60292
2 61671
1 62188
2 62706
1 63050
2 63396
2 64086
1 64431
2 64948
2 65465
1 65809
2 66844
1 67189
1 67706
2 68224
1 68568
2 68913
2 69602
1 69947
1 70982
2 71326
1 71844
2 72706
1 73223
2 73740
1 74085
2 74430
2 75120
1 75465
2 75982
2 76499
2 77189
1 77534
2 77879
2 78224
1 79258
1 79948
2 80292
2 80982
1 81500
2 82017
1 82361
1 82706
1 83050
1 83740
2 84775
1 85120
1 85637
2 86155
1 86500
2 86844
2 87534
1 87879
2 88395
2 88913
1 89258
2 90293
1 90637
2 91155
2 91672
1 92017
2 92362
2 93051
1 93396
2 93741
2 94258
1 94775
2 95810
1 96154
2 96672
1 97189
1 97534
2 97879
2 98568
1 98913
2 99431
1 99775
1 100293
2 101327
1 101671
2 102017
2 102362
1 103050
2 103395
2 104086
2 104431
2 104947
2 105465
1 105810
2 106844
1 107879
2 108568
1 109086
2 109602
2 110119
1 111327
2 112362
1 113395
2 114086
1 114603
2 115120
1 115637
1 116844
2 117879
1 118913
2 119603
1 120119
1 120637
2 121155
1 122362
2 123396
1 124431
2 125120
1 125637
2 126155
1 126500
1 126844
2 127189
1 127879
1 129258
1 130637
1 132017
1 133396
1 133741
2 134086
1 134775
1 135120
2 135465
1 136155
1 136500
2 136844
2 137189
1 137534
2 138913
1 139603
2 139948
1 140293
1 140982
2 141327
1 141672
1 142362
2 142706
1 143051
2 144086
1 144430
1 144775
2 145119
1 145810
1 146499
2 146844
1 147189
1 147534
2 147879
1 148568
1 149948
1 150637
2 150982
2 151327
1 152017
2 152362
1 152706
1 153396
2 153741
1 154086
2 155119
1 155465
2 155982
2 156500
1 156844
2 157361
2 157878
1 158224
1 158913
1 159603
1 160293
2 160637
1 160982
2 162362
1 163741
1 164431
1 165810
2 166500
2 167879
2 169258
1 169947
1 170637
2 171327
2 172017
2 173396
2 174775
2 175465
1 176155
2 176844
1 177534
1 179603
2 180293
1 182362
2 183051
1 183395
2 188568
2 189086
1 189603
1 189947
1 190982
2 191327
1 191844
1 192362
1 192706
1 193741
2 194086
2 194603
1 195120
1 195465
2 196500
2 196844
1 197361
2 197879
2 198224
1 198741
2 199258
1 199603
2 200120
2 200637
1 200982
1 202016
2 202362
2 202879
2 203396
1 203741
2 204775
2 205120
1 205637
2 206155
2 206500
1 207016
1 207534
2 207879
2 208224
2 208568
2 208913
1 209258
2 210293
2 210637
2 211154
1 211672
2 212017
2 212361
2 213050
1 213395
2 213913
1 214431
1 214775
2 215810
2 216154
1 216672
1 217189
2 217534
2 217878
1 218568
2 218913
1 219431
2 219947
1 220292
2 221326
2 222017
2 222706
1 223051
2 223396
1 224085
2 224431
1 224948
1 225465
2 225809
1 226844
2 227189
1 227706
2 228224
1 228568
2 228913
1 229258
2 229948
2 230464
1 230982
1 232706
2 233224
2 233913
2 234257
1 234775
2 235465
1 235982
2 236672
2 237017
2 238224
1 238741
2 239431
1 239775
1 240293
2 240982
2 242016
2 242533
2 243741
1 244258
2 244948
2 245292
1 245810
1 246500
1 247016
2 247706
2 248051
1 248568
2 248913
1 249257
1 249775
2 250464
2 250809
2 252016
2 252534
2 253051
1 253396
1 253741
1 254086
1 254775
2 255809
2 256843
2 257188
1 257533
2 258913
2 259947
1 260292
2 261326
2 262361
2 262706
1 263050
2 264430
1 265119
1 265809
2 266843
2 267877
2 268222
1 268567
1 269602
2 270981
1 271326
2 272360
2 273395
2 273740
1 274085
2 275119
1 275464
