Quaoar.mp3 1000
2  6500
2  7017
1  7534
2  8396
1  8568
1  8740
1  8913
2  9086
2  9258
2  9775
1  10293
2  11500
1  11672
1  11844
2  12017
2  12534
1  13051
1  13913
1  14086
2  14258
1  14431
2  14603
2  14775
2  15293
2  15810
1  16155
2  16844
2  17534
2  18051
1  18568
2  19431
1  19603
1  19775
1  19948
2  20120
2  20293
2  20810
1  21327
2  22189
1  22362
2  22534
1  22706
1  22879
2  23051
1  24431
2  25810
1  26844
2  27017
2  27189
1  27534
2  28568
1  29086
2  29603
2  29775
2  30982
1  31327
2  31844
2  32362
1  32534
1  33741
2  34086
1  34603
2  35120
1  35293
2  36500
1  36844
2  37362
2  37879
1  38051
2  38224
1  38741
1  39000
2  39258
1  39603
1  40120
2  40637
1  40810
2  42017
1  42362
2  42620
1  42879
1  43137
2  43396
1  43568
2  43741
2  44086
2  44431
2  44775
1  45120
2  45379
1  45637
2  45896
1  46155
2  46500
2  46844
2  47189
2  47534
1  47879
1  48396
1  48913
2  50292
1  50637
2  50982
2  51327
2  51672
1  51844
2  52016
2  52362
2  52706
2  53050
1  53395
2  53741
1  53913
2  54086
2  54431
1  54603
2  55120
1  55464
2  55637
1  55810
2  56155
2  56327
1  56500
1  56844
1  57189
1  57361
2  57534
2  57706
1  57879
1  58224
1  58568
1  58740
2  58913
2  59000
2  59086
1  59257
2  59431
2  59775
1  59947
1  60034
1  60120
2  60292
1  61327
2  61500
1  61672
2  62189
1  62706
2  63051
2  63224
1  63396
2  63741
2  63913
1  64086
2  64257
2  64431
1  64948
1  65465
2  65810
2  65982
1  66155
2  66500
2  66586
2  66672
1  66844
2  67189
2  67706
1  68224
2  68568
2  68741
1  68913
2  69258
2  69431
1  69603
2  69775
1  69948
2  70465
1  70982
1  71327
2  71499
1  71672
2  71844
1  72706
2  73223
1  73740
2  74085
2  74258
1  74430
2  74775
2  74947
1  75120
2  75292
2  75465
1  75982
1  76499
2  76844
2  77016
1  77189
2  77534
2  77706
1  77879
1  77965
1  78051
1  78224
2  78741
1  79258
2  79775
2  79948
1  80293
2  80465
1  80982
2  81327
1  81500
2  81844
1  82017
2  82362
2  82448
2  82534
2  82706
2  82879
2  83050
1  83224
2  83395
2  83740
1  84086
2  84258
1  84775
2  85120
2  85293
1  85465
2  85637
2  85982
1  86155
2  86327
2  86413
2  86500
2  86671
1  86844
2  87017
1  87534
2  87706
1  87879
1  88051
2  88223
2  88396
2  88741
1  88913
1  89086
2  89258
1  89602
2  89775
1  90293
2  90465
1  90637
1  90809
2  90982
1  91155
1  91500
1  91585
1  91672
1  91844
2  92017
2  92188
1  92362
2  92534
1  93051
2  93396
2  93568
1  93741
2  94000
1  94258
2  94517
2  94775
1  95120
2  95293
1  95810
2  95982
1  96155
1  96327
2  96499
1  96672
1  97016
1  97102
1  97189
1  97362
2  97534
2  97706
1  97879
2  98051
1  98568
2  98741
1  98913
1  99085
2  99257
1  99431
2  99775
1  99948
1  100120
2  100293
1  100637
2  100810
1  101327
2  101671
2  101844
1  102017
2  102189
1  102362
1  102706
2  102879
2  102964
2  103051
2  103224
1  103396
2  103913
1  104086
1  104431
2  104689
1  104948
2  105206
1  105465
2  105637
2  105810
1  106327
1  106844
2  107361
1  107879
2  108050
2  108137
2  108223
1  108396
1  108568
2  109086
1  109602
2  109947
1  110119
1  110293
2  110464
1  110810
2  111327
1  111844
1  112362
2  112879
1  113396
2  113827
1  114086
2  114603
1  115120
2  115465
1  115810
1  116068
1  116326
1  116585
2  116844
1  117362
1  117879
2  118396
2  118913
1  119086
2  119258
1  119603
2  120120
2  120637
2  120982
1  121155
1  121327
2  121499
1  121844
2  122362
1  122879
1  123396
2  123913
1  124431
2  124775
1  125120
1  125293
2  125637
2  125810
1  126155
1  126327
2  126500
2  126586
2  126672
1  126844
2  127017
1  127189
1  127275
1  127362
2  127534
2  127879
2  129258
2  130637
1  131327
2  132017
1  132706
1  133051
2  133396
2  133741
2  133913
1  134086
1  134431
2  134775
2  135120
2  135293
1  135465
1  135810
2  136155
2  136327
2  136500
2  136671
1  136844
1  136930
1  137017
1  137189
1  137362
2  137534
1  138568
2  138741
1  138913
1  139431
2  139603
1  139948
1  140120
2  140293
2  140465
1  140810
2  140982
1  141327
1  141500
2  141672
1  142189
2  142362
1  142706
1  142879
2  143051
1  143224
1  143396
1  143741
2  143913
1  144086
2  144431
2  144775
2  144861
2  144948
1  145119
1  145637
2  145810
2  145896
2  145982
2  146155
1  146327
2  146500
2  146585
2  146672
1  146844
2  147189
2  147534
2  147619
2  147706
1  147879
1  148396
2  148568
2  148655
2  148741
2  148913
1  149086
1  149258
2  149430
2  149948
1  150465
2  150637
1  150810
1  150896
1  150982
1  151327
2  151500
2  151672
1  151844
1  152017
2  152189
2  152275
2  152362
1  152534
2  152706
1  152879
1  153224
2  153396
1  153568
1  153655
1  153741
2  154086
1  154258
1  154430
1  154775
2  154948
1  155120
2  155465
1  155982
2  156240
2  156326
1  156500
2  156758
2  156844
1  157103
1  157362
2  157619
2  157706
1  157878
2  158224
1  158482
1  158741
2  158913
1  159172
1  159431
2  159603
1  159862
1  160120
2  160293
2  160379
2  160465
1  160637
1  160810
2  160982
2  162017
1  162362
2  163396
1  163568
2  163741
1  164258
1  164431
2  165465
2  165810
2  166155
1  166500
2  167534
1  167879
2  168913
1  169258
1  169603
2  169948
1  170293
2  170637
1  171155
1  171327
1  172017
2  173051
1  173396
2  174431
1  174775
2  175120
1  175465
1  175810
2  176155
1  176844
1  177362
2  177534
2  179603
1  180293
2  182362
1  183051
2  183224
1  188568
2  188827
1  189086
1  189344
2  189603
1  189775
2  189948
2  190982
1  191155
1  191327
2  191586
2  191844
1  192103
2  192362
1  192534
2  192706
2  193741
1  193913
1  194086
2  194344
1  194603
1  194862
2  195120
1  195293
2  195465
2  196154
1  196500
2  196672
1  196844
1  197102
1  197361
1  197619
1  197879
2  198051
1  198224
2  198482
1  198741
2  199000
2  199085
1  199258
1  199603
2  199862
2  199948
1  200120
2  200379
2  200465
1  200637
2  200982
1  201326
1  202016
1  202362
2  202620
2  202706
1  202879
2  203137
2  203224
1  203396
1  203568
2  203741
1  204086
1  204775
2  204948
1  205120
2  205465
1  205637
2  205810
2  205895
2  205982
1  206155
1  206500
2  206844
1  207017
2  207189
2  207275
2  207362
1  207534
1  207879
2  208050
2  208137
2  208224
1  208396
2  208568
2  208654
2  208741
1  208913
2  209258
1  210293
2  210465
1  210637
2  210896
2  211154
1  211327
1  211413
2  211672
1  211844
1  212017
2  212188
1  212361
2  212706
2  212878
1  213050
1  213137
1  213223
1  213395
2  213655
2  213913
1  214085
1  214172
2  214431
1  214603
2  214775
2  214947
1  215119
2  215810
2  215982
1  216154
2  216413
2  216672
1  216844
1  216931
2  217189
1  217362
1  217534
2  217706
1  217878
1  218223
2  218395
1  218568
1  218654
1  218740
1  218913
1  219172
2  219431
1  219602
1  219689
1  219948
2  220120
2  220293
1  220551
1  220810
1  221068
1  221327
1  222017
2  222189
1  222362
1  222448
1  222706
2  222879
1  223051
1  223224
1  223396
2  223741
1  223913
2  224085
2  224171
2  224257
1  224431
2  224689
2  224948
1  225120
1  225206
1  225465
1  225637
2  225809
2  225982
1  226154
2  226844
2  226930
2  227016
1  227189
2  227448
1  227706
2  227879
2  227964
1  228224
2  228568
1  228913
2  229086
2  229258
2  229431
2  229603
2  229775
1  229948
2  230206
1  230465
2  230724
1  230982
1  232362
2  232534
1  232706
2  232965
2  233051
1  233224
2  233482
2  233568
1  233741
1  233913
1  234172
1  234257
1  234603
2  234775
2  235293
1  235465
2  235723
2  235810
1  235982
2  236241
2  236327
1  236500
1  236672
1  237017
1  237361
2  237534
1  237793
1  238051
1  238224
2  238482
2  238568
1  238741
2  239000
2  239086
1  239258
1  239431
1  239688
1  239775
1  240120
2  240293
2  240809
1  240982
2  241240
1  241500
2  241844
1  242017
2  242361
1  242533
2  242706
2  242879
1  243741
2  244000
2  244085
1  244258
2  244516
2  244602
1  244775
1  244948
1  245206
1  245293
1  245637
2  245810
1  246327
2  246500
1  246672
1  246844
2  247017
2  247275
2  247362
2  247534
1  247706
1  248051
1  248396
1  248568
2  248741
1  248913
1  248999
1  249086
2  249258
2  249603
1  249775
2  250120
1  250293
1  250465
1  250810
2  250982
2  251413
2  251500
1  251844
1  252017
2  252362
1  252534
2  252879
1  253051
2  253396
1  253568
2  253741
2  253826
2  253913
2  254086
2  254258
1  254430
2  254775
2  255292
1  255809
2  256671
1  256843
1  257016
1  257188
2  257361
2  257533
2  258050
2  258568
1  258913
1  259430
2  259775
1  259947
1  260119
2  260292
2  260809
1  261326
1  261671
2  262188
1  262361
2  262533
1  262706
2  262878
2  263050
2  263568
2  264085
1  264430
2  265119
2  265809
2  266326
1  266843
2  267705
1  267877
1  268050
1  268222
2  268395
2  268567
1  269084
2  269602
2  270809
1  270981
1  271153
2  271326
2  271843
1  272360
2  273222
1  273395
2  273567
1  273740
1  273826
1  273913
2  274085
2  274602
1  275119
2  275464
